1475786.00
1475759.50
1475617.33
1475915.50
1476143.40
1476282.33
1476336.71
1476375.12
1476444.11
1476501.20
1476545.55
1476595.33
1476470.08
1476506.21
1476484.93
1476510.19
1476560.00
1476549.67
1476551.05
1476578.45
1476566.71
1476570.14
1476582.00
1476526.75
1476486.16
1476479.04
1476485.59
1476498.25
1476521.14
1476566.83
1476580.68
1476575.31
1476606.55
1476597.38
1476622.43
1476604.53
1476578.92
1476590.92
1476574.92
1476547.00
1476552.63
1476515.79
1476500.88
1476498.73
1476485.20
1476464.72
1476423.62
1476421.02
1476440.84
1476427.90
1476435.75
1476443.88
1476459.04
1476449.11
1476486.87
1476477.50
1476472.88
1476463.26
1476459.32
1476433.13
1476455.84
1476434.18
1476436.14
1476425.16
1476428.28
1476402.39
1476384.81
1476337.76
1476323.12
1476333.16
1476305.04
1476307.42
1476320.92
1476323.61
1476320.97
1476331.70
1476342.48
1476341.49
1476342.18
1476333.54
1476314.46
1476340.59
1476351.39
1476371.46
1476362.47
1476338.42
1476343.56
1476341.90
1476343.30
1476341.33
1476369.10
1476374.47
1476369.32
1476368.52
1476356.67
1476347.14
1476360.82
1476360.08
1476359.54
1476339.41
1476340.59
1476342.99
1476336.80
1476341.06
1476335.80
1476350.40
1476339.40
1476338.87
1476333.77
1476330.88
1476322.19
1476323.69
1476327.75
1476344.57
1476343.77
1476345.03
1476347.60
1476338.69
1476338.79
1476340.70
1476330.48
1476314.47
1476327.81
1476319.34
1476313.18
1476312.02
1476315.18
1476316.16
1476312.69
1476317.84
1476317.02
1476314.42
1476317.91
1476318.97
1476305.30
1476297.28
1476292.86
1476283.38
1476276.05
1476272.89
1476264.68
1476268.37
1476262.10
1476257.91
1476254.48
1476260.24
1476263.24
1476264.39
1476261.33
1476257.60
1476258.94
1476251.03
1476250.14
1476255.63
1476263.05
1476258.20
1476261.57
1476262.03
1476266.28
1476256.27
1476257.75
1476255.20
1476262.81
1476264.66
1476260.38
1476263.19
1476260.63
1476261.45
1476257.20
1476259.12
1476254.40
1476257.34
1476258.13
1476258.68
1476258.43
1476255.81
1476249.72
1476242.06
1476234.93
1476235.34
1476235.27
1476237.68
1476240.55
1476248.75
1476256.82
1476259.48
1476264.87
1476265.78
1476266.86
1476262.33
1476271.05
1476268.11
1476267.91
1476264.59
1476267.37
1476267.96
1476269.43
1476266.34
1476266.59
1476266.46
1476265.93
1476267.83
1476269.02
1476278.10
1476278.60
1476275.87
1476268.69
1476267.29
1476268.63
1476274.11
1476274.52
1476270.86
1476273.00
1476274.17
1476264.47
1476272.61
1476274.35
1476273.43
1476265.54
1476265.53
1476270.35
1476276.59
1476271.17
1476271.82
1476264.60
1476264.29
1476265.85
1476266.34
1476266.63
1476270.47
1476272.51
1476271.55
1476276.61
1476276.82
1476271.42
1476276.81
1476277.13
1476274.56
1476271.33
1476275.70
1476267.46
1476263.26
1476260.87
1476261.45
1476261.10
1476268.78
1476264.64
1476264.20
1476257.20
1476259.88
1476262.10
1476254.90
1476250.23
1476248.11
1476247.24
1476248.73
1476246.97
1476250.98
1476248.34
1476249.55
1476249.64
1476248.68
1476243.66
1476238.36
1476236.80
1476230.08
1476227.19
1476224.55
1476224.09
1476226.73
1476225.27
1476223.90
1476221.78
1476222.41
1476219.97
1476218.89
1476218.12
1476211.88
1476214.28
1476219.99
1476221.96
1476221.85
1476221.73
1476221.84
1476224.51
1476224.91
1476228.04
1476225.82
1476224.09
1476220.58
1476217.51
1476215.14
1476214.85
1476212.58
1476214.23
1476212.86
1476210.76
1476213.71
1476214.97
1476213.04
1476213.21
1476214.35
1476212.90
1476216.14
1476215.63
1476213.53
1476218.26
1476218.76
1476221.22
1476216.11
1476215.69
1476217.76
1476214.45
1476212.80
1476209.08
1476209.23
1476204.48
1476204.52
1476209.69
1476210.93
1476211.98
1476215.70
1476216.28
1476219.41
1476220.09
1476221.01
1476221.73
1476217.60
1476220.41
1476220.21
1476220.91
1476223.07
1476223.58
1476225.53
1476221.96
1476223.44
1476227.11
1476227.04
1476230.20
1476227.17
1476231.20
1476231.50
1476234.71
1476233.66
1476238.89
1476237.46
1476234.37
1476229.33
1476229.68
1476228.71
1476231.93
1476234.41
1476234.90
1476233.55
1476237.60
1476236.35
1476235.58
1476230.64
1476231.45
1476226.43
1476226.52
1476223.96
1476223.87
1476227.09
1476226.42
1476228.57
1476227.83
1476227.38
1476230.55
1476231.31
1476232.15
1476233.19
1476237.87
1476238.45
1476239.46
1476236.53
1476238.55
1476231.90
1476233.93
1476235.18
1476231.73
1476231.20
1476231.80
1476232.16
1476226.55
1476226.66
1476226.63
1476226.18
1476226.63
1476226.96
1476225.04
1476224.32
1476222.80
1476222.32
1476223.98
1476221.36
1476223.56
1476220.31
1476220.82
1476224.17
1476223.22
1476220.74
1476223.46
1476224.16
1476225.04
1476228.67
1476225.78
1476224.21
1476222.95
1476224.61
1476223.46
1476225.79
1476227.03
1476228.94
1476225.84
1476222.94
1476219.21
1476218.46
1476218.41
1476216.85
1476217.29
1476217.88
1476222.99
1476224.05
1476222.63
1476220.47
1476221.09
1476221.50
1476223.32
1476226.77
1476225.13
1476222.27
1476223.09
1476222.40
1476220.50
1476219.56
1476220.58
1476222.30
1476221.43
1476217.35
1476218.45
1476217.02
1476218.70
1476215.84
1476214.39
1476215.33
1476213.64
1476214.20
1476214.42
1476214.58
1476215.04
1476215.14
1476212.75
1476211.09
1476211.26
1476210.04
1476210.20
1476209.71
1476206.80
1476206.12
1476208.47
1476206.20
1476202.20
1476200.01
1476198.75
1476196.61
1476199.36
1476199.60
1476200.29
1476200.98
1476199.58
1476197.71
1476197.30
1476200.04
1476200.13
1476198.85
1476199.93
1476199.42
1476198.29
1476200.70
1476201.01
1476199.77
1476202.94
1476204.93
1476207.18
1476208.49
1476210.48
1476211.48
1476210.20
1476211.46
1476210.90
1476210.65
1476211.31
1476211.87
1476209.49
1476208.42
1476210.32
1476210.84
1476210.61
1476212.46
1476212.21
1476213.91
1476210.79
1476211.17
1476211.09
1476212.67
1476212.06
1476210.14
1476206.52
1476205.92
1476204.55
1476205.57
1476205.18
1476204.66
1476204.56
1476205.70
1476209.45
1476210.46
1476210.51
1476212.88
1476214.40
1476214.78
1476213.05
1476213.39
1476211.67
1476212.11
1476213.05
1476214.12
1476218.48
1476217.12
1476215.30
1476216.53
1476216.97
1476216.45
1476216.99
1476217.35
1476217.26
1476216.53
1476215.90
1476212.58
1476213.37
1476214.04
1476212.14
1476211.24
1476208.95
1476210.74
1476211.08
1476211.71
1476212.45
1476210.94
1476209.89
1476211.91
1476212.92
1476211.15
1476211.07
1476212.62
1476212.07
1476210.76
1476211.95
1476211.36
1476210.69
1476211.20
1476214.80
1476214.30
1476211.79
1476211.47
1476210.47
1476212.76
1476213.12
1476214.49
1476214.07
1476213.55
1476212.22
1476210.63
1476210.47
1476210.73
1476210.54
1476211.71
1476211.46
1476211.18
1476213.38
1476212.05
1476212.74
1476213.20
1476211.74
1476212.81
1476212.28
1476214.96
1476215.25
1476213.12
1476212.82
1476213.36
1476212.69
1476210.51
1476211.59
1476211.54
1476213.37
1476212.30
1476210.91
1476211.74
1476210.60
1476211.95
1476210.28
1476208.03
1476207.41
1476207.01
1476205.84
1476204.15
1476201.31
1476202.81
1476199.62
1476197.89
1476196.85
1476196.90
1476196.51
1476194.81
1476195.65
1476194.20
1476198.12
1476201.32
1476201.35
1476200.85
1476199.83
1476198.91
1476199.28
1476200.53
1476200.34
1476199.83
1476201.17
1476202.28
1476202.89
1476203.64
1476203.51
1476203.53
1476202.76
1476203.42
1476205.43
1476207.09
1476205.52
1476207.67
1476210.06
1476209.45
1476207.84
1476208.26
1476206.05
1476204.90
1476206.39
1476204.20
1476204.47
1476204.94
1476206.64
1476206.85
1476208.45
1476208.34
1476209.35
1476210.46
1476208.93
1476208.00
1476209.12
1476209.92
1476208.45
1476209.50
1476208.73
1476207.03
1476205.79
1476205.67
1476205.76
1476205.10
1476205.60
1476206.48
1476206.54
1476206.84
1476207.65
1476204.90
1476206.33
1476205.67
1476205.43
1476203.93
1476204.35
1476205.46
1476204.65
1476204.30
1476200.84
1476198.24
1476201.22
1476201.21
1476198.92
1476198.98
1476197.94
1476195.75
1476195.23
1476196.11
1476197.74
1476199.09
1476196.46
1476197.02
1476195.03
1476195.52
1476196.82
1476195.01
1476194.19
1476193.73
1476193.72
1476189.65
1476189.74
1476189.22
1476187.48
1476190.03
1476190.24
1476189.84
1476189.10
1476189.08
1476191.36
1476192.64
1476192.45
1476191.68
1476192.80
1476190.48
1476190.96
1476190.42
1476191.13
1476192.74
1476190.97
1476190.89
1476192.75
1476192.67
1476193.26
1476191.44
1476193.57
1476194.53
1476193.77
1476193.04
1476191.82
1476192.32
1476192.18
1476192.19
1476190.92
1476189.24
1476189.34
1476190.50
1476191.48
1476189.39
1476187.87
1476187.93
1476185.29
1476185.46
1476183.54
1476184.78
1476186.63
1476187.30
1476188.76
1476189.79
1476189.71
1476189.95
1476191.41
1476190.36
1476190.28
1476189.75
1476190.22
1476190.41
1476190.44
1476190.00
1476188.29
1476189.32
1476189.33
1476190.62
1476189.52
1476189.36
1476188.05
1476187.22
1476188.39
1476186.80
1476186.74
1476187.86
1476188.24
1476188.52
1476187.40
1476185.96
1476186.88
1476187.62
1476186.91
1476187.94
1476187.54
1476186.22
1476186.08
1476186.96
1476185.08
1476185.76
1476184.38
1476184.36
1476185.04
1476186.58
1476186.60
1476186.24
1476184.83
1476187.22
1476188.31
1476187.57
1476187.72
1476188.31
1476189.80
1476189.40
1476188.42
1476190.89
1476193.28
1476193.60
1476193.34
1476193.87
1476194.91
1476193.41
1476194.52
1476194.13
1476193.53
1476193.34
1476192.47
1476191.66
1476192.49
1476191.32
1476192.60
1476192.21
1476192.41
1476193.42
1476193.46
1476193.37
1476192.06
1476193.13
1476194.89
1476195.70
1476195.85
1476195.60
1476195.00
1476194.43
1476193.38
1476195.03
1476195.68
1476195.50
1476195.17
1476195.67
1476196.13
1476195.27
1476194.45
1476193.21
1476193.39
1476191.83
1476191.26
1476192.15
1476192.77
1476193.15
1476193.22
1476191.70
1476191.94
1476192.42
1476190.89
1476190.12
1476188.54
1476187.70
1476187.15
1476185.58
1476186.68
1476184.41
1476183.34
1476181.00
1476182.36
1476182.38
1476182.86
1476181.20
1476181.60
1476181.96
1476180.17
1476179.70
1476179.89
1476179.02
1476178.19
1476177.47
1476178.05
1476178.39
1476180.51
1476179.48
1476179.15
1476178.87
1476179.53
1476178.12
1476178.69
1476178.63
1476177.15
1476177.32
1476177.90
1476177.45
1476177.22
1476176.97
1476177.78
1476176.82
1476175.36
1476176.70
1476176.39
1476176.09
1476175.45
1476175.30
1476175.92
1476175.66
1476177.18
1476177.85
1476177.25
1476178.00
1476178.54
1476180.81
1476180.14
1476179.48
1476179.01
1476180.77
1476179.63
1476179.73
1476179.02
1476178.09
1476177.98
1476178.01
1476177.69
1476177.46
1476177.07
1476177.92
1476178.35
1476178.47
1476175.27
1476175.98
1476175.34
1476175.39
1476175.53
1476174.64
1476173.91
1476174.01
1476172.66
1476172.61
1476170.62
1476172.15
1476171.23
1476171.03
1476170.48
1476170.43
1476169.74
1476169.85
1476169.17
1476169.14
1476168.78
1476168.54
1476168.88
1476169.17
1476168.29
1476168.06
1476168.74
1476168.67
1476168.51
1476167.85
1476169.44
1476169.70
1476169.27
1476168.02
1476168.27
1476169.48
1476170.00
1476170.09
1476169.80
1476169.83
1476169.97
1476169.82
1476169.57
1476169.25
1476169.26
1476168.69
1476168.30
1476168.56
1476168.49
1476169.20
1476168.84
1476170.90
1476170.52
1476170.50
1476170.14
1476170.48
1476172.24
1476172.65
1476172.44
1476172.40
1476173.44
1476174.11
1476173.79
1476173.82
1476172.99
1476174.00
1476172.93
1476172.65
1476172.48
1476171.13
1476171.06
1476171.11
1476171.75
1476171.96
1476173.04
1476173.75
1476175.19
1476175.40
1476173.50
1476172.44
1476173.69
1476172.84
1476172.96
1476174.10
1476173.98
1476174.21
1476175.79
1476176.17
1476175.55
1476174.45
1476175.56
1476175.80
1476175.07
1476175.62
1476176.24
1476177.07
1476176.34
1476174.93
1476174.86
1476174.72
1476175.63
1476175.87
1476175.77
1476175.82
1476175.74
1476174.60
1476174.29
1476173.11
1476172.18
1476171.50
1476171.33
1476171.17
1476171.06
1476170.94
1476171.38
1476170.98
1476171.27
1476170.71
1476170.44
1476169.46
1476170.32
1476172.43
1476171.34
1476170.40
1476169.74
1476170.11
1476169.56
1476170.56
1476170.66
1476170.27
1476171.73
1476171.15
1476170.72
1476171.84
1476172.42
1476172.35
1476172.90
1476173.42
1476172.42
1476172.86
1476172.84
1476172.53
1476171.32
1476172.11
1476171.69
1476171.33
1476171.79
1476171.06
1476169.95
1476170.01
1476169.35
1476169.76
1476170.11
1476170.51
1476170.25
1476170.01
1476170.15
1476169.75
1476168.73
1476168.91
1476169.62
1476168.15
1476167.15
1476166.73
1476165.26
1476164.08
1476164.13
1476165.13
1476164.25
1476165.57
1476164.98
1476164.82
1476164.81
1476165.21
1476166.27
1476165.33
1476163.85
1476163.99
1476164.58
1476164.98
1476164.70
1476165.67
1476165.47
1476165.72
1476164.29
1476164.71
1476165.03
1476163.68
1476163.65
1476164.33
1476163.84
1476164.37
1476165.10
1476165.84
1476164.88
1476164.40
1476164.57
1476164.20
1476164.77
1476164.69
1476164.92
1476166.34
1476166.60
1476166.23
1476166.96
1476167.51
1476168.84
1476167.76
1476168.24
1476168.78
1476168.73
1476169.07
1476168.57
1476169.13
1476168.80
1476169.37
1476169.77
1476168.75
1476168.89
1476168.14
1476167.84
1476166.76
1476165.63
1476167.28
1476167.70
1476167.68
1476168.62
1476169.36
1476170.25
1476169.87
1476169.39
1476169.34
1476169.78
1476170.78
1476170.61
1476171.20
1476171.39
1476171.15
1476171.30
1476171.76
1476172.55
1476172.91
1476173.31
1476172.64
1476172.54
1476171.97
1476172.97
1476173.18
1476172.43
1476172.45
1476172.41
1476172.19
1476170.73
1476171.24
1476170.12
1476169.27
1476170.16
1476170.46
1476170.57
1476169.66
1476169.89
1476170.56
1476171.15
1476172.52
1476171.86
1476171.24
1476172.22
1476171.72
1476171.03
1476170.10
1476169.40
1476170.70
1476171.15
1476170.95
1476170.79
1476171.12
1476171.22
1476170.60
1476170.03
1476170.53
1476169.57
1476170.05
1476169.27
1476169.71
1476169.35
1476169.91
1476169.06
1476170.11
1476170.23
1476169.26
1476168.29
1476168.79
1476169.00
1476168.03
1476166.76
1476167.11
1476166.07
1476165.81
1476165.91
1476165.86
1476164.87
1476164.52
1476164.59
1476164.53
1476163.22
1476161.84
1476161.34
1476163.59
1476163.90
1476163.48
1476163.34
1476163.17
1476162.84
1476162.12
1476162.69
1476161.96
1476162.01
1476161.35
1476160.52
1476160.14
1476160.17
1476159.95
1476159.52
1476160.12
1476160.75
1476160.46
1476161.15
1476161.61
1476162.23
1476162.56
1476162.26
1476161.85
1476161.13
1476160.16
1476159.25
1476159.21
1476159.53
1476159.64
1476158.98
1476158.70
1476159.81
1476160.71
1476161.03
1476160.09
1476159.95
1476159.65
1476159.31
1476158.05
1476158.12
1476157.31
1476156.99
1476156.89
1476158.16
1476156.76
1476157.80
1476156.93
1476156.71
1476156.00
1476155.26
1476155.80
1476154.99
1476155.46
1476155.14
1476155.01
1476155.36
1476156.14
1476155.74
1476155.07
1476155.07
1476155.35
1476154.85
1476154.28
1476154.01
1476153.24
1476153.98
1476153.86
1476153.18
1476152.93
1476152.41
1476152.30
1476152.72
1476152.43
1476152.94
1476153.31
1476153.89
1476153.65
1476153.51
1476153.37
1476153.41
1476153.32
1476153.26
1476153.61
1476154.79
1476155.14
1476157.13
1476157.08
1476157.41
1476156.64
1476155.92
1476154.97
1476154.38
1476154.99
1476155.08
1476156.10
1476155.24
1476154.27
1476153.90
1476153.99
1476153.96
1476154.59
1476154.41
1476153.34
1476153.46
1476154.23
1476153.97
1476153.94
1476154.31
1476154.81
1476154.60
1476154.02
1476155.24
1476154.96
1476154.52
1476154.95
1476155.58
1476155.42
1476154.41
1476155.45
1476154.54
1476154.92
1476154.63
1476155.49
1476156.10
1476156.67
1476156.02
1476155.64
1476156.35
1476155.79
1476155.75
1476155.73
1476156.62
1476156.73
1476157.30
1476158.04
1476157.22
1476156.02
1476156.50
1476155.59
1476155.45
1476156.06
1476156.11
1476155.60
1476155.52
1476155.90
1476155.64
1476154.86
1476154.41
1476154.59
1476153.51
1476154.23
1476153.37
1476153.36
1476153.43
1476153.33
1476152.96
1476152.71
1476153.51
1476153.79
1476153.46
1476154.16
1476154.15
1476154.60
1476154.03
1476154.51
1476154.11
1476155.11
1476154.33
1476154.35
1476153.97
1476154.08
1476153.81
1476152.71
1476152.65
1476152.72
1476153.45
1476153.00
1476153.71
1476154.34
1476154.43
1476154.57
1476155.41
1476155.72
1476155.18
1476155.56
1476155.58
1476154.63
1476154.06
1476154.16
1476154.69
1476154.37
1476155.48
1476155.97
1476156.73
1476156.82
1476157.57
1476157.80
1476157.72
1476157.57
1476156.92
1476157.24
1476157.13
1476157.21
1476157.38
1476157.23
1476157.08
1476155.99
1476156.05
1476155.47
1476154.82
1476154.82
1476154.53
1476154.58
1476154.17
1476153.82
1476153.95
1476153.02
1476152.90
1476153.89
1476153.55
1476152.25
1476152.63
1476152.54
1476152.86
1476153.44
1476153.28
1476153.68
1476154.01
1476155.01
1476154.89
1476155.26
1476155.97
1476155.21
1476155.13
1476155.48
1476154.78
1476154.48
1476154.59
1476155.59
1476155.56
1476155.57
1476155.45
1476156.49
1476156.83
1476156.54
1476157.09
1476156.94
1476156.72
1476157.48
1476158.19
1476158.38
1476157.39
1476157.86
1476158.45
1476158.53
1476158.44
1476158.50
1476158.87
1476158.05
1476158.41
1476157.32
1476156.69
1476157.52
1476157.56
1476156.85
1476156.50
1476157.33
1476157.54
1476157.88
1476156.96
1476156.05
1476155.85
1476155.12
1476155.21
1476156.27
1476156.75
1476156.06
1476156.97
1476157.24
1476156.79
1476156.17
1476155.75
1476154.99
1476155.02
1476154.47
1476154.11
1476153.63
1476154.28
1476154.98
1476155.18
1476155.40
1476155.41
1476155.50
1476155.87
1476155.72
1476156.30
1476156.63
1476156.57
1476157.01
1476156.62
1476155.79
1476155.48
1476155.94
1476155.59
1476154.73
1476153.74
1476153.18
1476152.73
1476152.64
1476152.01
1476152.13
1476151.98
1476152.80
1476152.99
1476153.36
1476154.24
1476154.07
1476154.74
1476155.00
1476154.31
1476154.37
1476154.44
1476153.90
1476153.50
1476153.46
1476153.71
1476153.49
1476153.79
1476153.95
1476153.98
1476154.62
1476154.71
1476155.63
1476156.15
1476155.92
1476155.73
1476156.51
1476156.79
1476156.94
1476157.11
1476156.34
1476156.82
1476156.69
1476155.70
1476155.79
1476155.96
1476155.65
1476155.83
1476155.99
1476154.36
1476155.24
1476155.48
1476155.70
1476155.31
1476155.59
1476155.20
1476154.39
1476153.97
1476154.52
1476153.38
1476153.73
1476153.95
1476153.29
1476153.61
1476153.65
1476153.97
1476154.75
1476154.78
1476154.64
1476155.21
1476155.30
1476155.28
1476156.56
1476156.00
1476155.22
1476154.92
1476155.17
1476155.41
1476155.63
1476155.01
1476155.68
1476155.27
1476155.91
1476155.62
1476155.90
1476156.06
1476156.20
1476156.53
1476157.95
1476157.65
1476157.19
1476156.31
1476155.85
1476156.04
1476155.67
1476155.75
1476155.72
1476155.29
1476155.38
1476155.33
1476156.52
1476157.44
1476157.94
1476157.58
1476158.27
1476158.90
1476159.06
1476159.98
1476160.00
1476160.13
1476160.73
1476159.93
1476159.97
1476159.64
1476159.68
1476159.37
1476158.50
1476158.03
1476158.87
1476158.93
1476159.77
1476160.34
1476159.30
1476159.13
1476158.67
1476158.74
1476159.83
1476159.81
1476160.31
1476160.63
1476160.49
1476160.67
1476160.59
1476160.59
1476160.26
1476160.04
1476161.18
1476160.79
1476160.53
1476161.18
1476161.39
1476160.61
1476159.84
1476160.56
1476160.09
1476159.48
1476160.42
1476160.44
1476160.45
1476159.96
1476160.24
1476161.00
1476160.92
1476161.40
1476161.95
1476161.98
1476161.33
1476160.70
1476161.11
1476160.73
1476159.96
1476159.97
1476159.85
1476160.12
1476160.19
1476159.95
1476160.74
1476160.77
1476161.48
1476160.94
1476161.89
1476161.51
1476162.07
1476161.48
1476160.88
1476160.74
1476161.25
1476161.28
1476161.36
1476161.34
1476161.18
1476161.45
1476161.88
1476162.77
1476162.19
1476161.66
1476161.29
1476161.78
1476162.21
1476161.88
1476161.37
1476162.13
1476162.26
1476161.22
1476161.17
1476159.84
1476159.48
1476158.62
1476157.95
1476158.18
1476158.26
1476157.78
1476158.01
1476157.47
1476157.16
1476156.88
1476156.78
1476157.28
1476156.80
1476157.21
1476157.37
1476158.20
1476158.78
1476158.63
1476158.04
1476158.40
1476158.81
1476158.57
1476157.82
1476158.34
1476158.13
1476158.71
1476158.69
1476158.59
1476158.91
1476158.57
1476157.86
1476157.24
1476157.42
1476157.48
1476156.99
1476156.62
1476157.29
1476156.99
1476157.13
1476157.30
1476157.56
1476157.08
1476156.77
1476157.04
1476156.46
1476155.81
1476155.27
1476155.09
1476154.93
1476154.99
1476155.28
1476156.40
1476157.01
1476156.98
1476157.67
1476157.09
1476156.49
1476156.60
1476156.21
1476156.65
1476156.90
1476156.88
1476156.68
1476157.29
1476157.83
1476156.98
1476156.21
1476156.34
1476155.20
1476155.49
1476155.30
1476154.98
1476155.21
1476155.42
1476154.79
1476154.79
1476155.32
1476154.92
1476155.36
1476155.84
1476156.35
1476156.00
1476155.90
1476155.55
1476155.02
1476154.74
1476154.15
1476154.63
1476154.39
1476154.59
1476153.98
1476153.88
1476153.96
1476154.26
1476153.23
1476152.84
1476153.15
1476153.64
1476153.69
1476153.33
1476153.59
1476153.83
1476154.19
1476154.15
1476153.90
1476154.54
1476154.06
1476153.93
1476153.27
1476154.14
1476154.40
1476154.15
1476154.10
1476153.11
1476153.08
1476152.75
1476153.02
1476153.76
1476153.80
1476153.43
1476153.41
1476153.77
1476153.46
1476154.15
1476153.85
1476153.90
1476153.90
1476153.53
1476152.28
1476152.03
1476152.79
1476152.20
1476151.92
1476151.93
1476152.33
1476152.11
1476152.69
1476153.09
1476153.39
1476152.81
1476153.06
1476153.09
1476153.96
1476153.83
1476153.62
1476154.05
1476153.16
1476153.27
1476153.87
1476153.71
1476153.48
1476153.47
1476153.15
1476152.97
1476153.33
1476152.47
1476152.91
1476153.17
1476152.84
1476152.54
1476152.08
1476152.16
1476152.59
1476153.08
1476152.85
1476152.92
1476153.24
1476154.56
1476154.28
1476154.25
1476154.51
1476154.50
1476153.81
1476154.04
1476153.73
1476153.56
1476153.80
1476153.47
1476154.37
1476153.66
1476153.56
1476153.97
1476153.57
1476153.63
1476154.40
1476154.30
1476154.36
1476154.81
1476154.59
1476154.94
1476155.11
1476154.66
1476154.20
1476154.98
1476154.72
1476155.64
1476155.72
1476155.47
1476155.81
1476156.10
1476155.96
1476155.88
1476155.68
1476155.17
1476154.60
1476155.05
1476154.98
1476154.80
1476154.80
1476154.92
1476155.48
1476155.25
1476154.85
1476154.97
1476155.34
1476155.48
1476155.95
1476155.97
1476156.20
1476155.88
1476156.09
1476156.24
1476155.67
1476155.54
1476155.84
1476156.11
1476156.48
1476156.24
1476155.84
1476156.54
1476156.05
1476155.39
1476155.63
1476156.82
1476156.76
1476156.54
1476156.90
1476156.85
1476156.54
1476156.70
1476156.78
1476156.96
1476156.81
1476157.01
1476157.03
1476156.86
1476156.60
1476156.80
1476157.18
1476157.00
1476157.19
1476157.38
1476156.55
1476156.42
1476156.05
1476156.12
1476156.00
1476155.58
1476155.90
1476156.24
1476156.14
1476154.64
1476154.90
1476154.03
1476153.71
1476153.89
1476153.63
1476153.08
1476152.86
1476152.53
1476152.73
1476152.33
1476151.94
1476152.50
1476151.77
1476152.13
1476152.44
1476152.02
1476152.28
1476152.12
1476151.86
1476151.40
1476151.24
1476151.07
1476150.90
1476151.03
1476151.58
1476150.86
1476149.71
1476149.63
1476150.18
1476150.40
1476149.62
1476150.10
1476149.13
1476148.38
1476148.16
1476148.65
1476148.51
1476148.31
1476147.92
1476147.70
1476147.92
1476148.16
1476148.57
1476148.51
1476148.82
1476149.28
1476149.35
1476149.33
1476148.47
1476148.62
1476148.65
1476148.67
1476148.69
1476148.81
1476149.23
1476148.94
1476149.36
1476149.51
1476149.55
1476149.41
1476149.37
1476148.57
1476148.87
1476148.62
1476148.14
1476149.05
1476149.22
1476148.70
1476148.87
1476148.77
1476149.21
1476149.36
1476149.37
1476149.63
1476149.48
1476150.19
1476150.09
1476150.11
1476150.20
1476149.59
1476149.41
1476150.05
1476149.88
1476150.42
1476151.10
1476150.69
1476150.18
1476150.51
1476150.48
1476150.15
1476149.73
1476150.18
1476150.18
1476150.29
1476150.89
1476150.39
1476149.80
1476149.35
1476149.39
1476149.12
1476149.58
1476149.32
1476149.70
1476149.69
1476149.64
1476149.63
1476149.97
1476149.94
1476149.48
1476149.53
1476148.42
1476147.81
1476147.86
1476148.10
1476148.25
1476148.58
1476149.17
1476149.49
1476149.06
1476149.80
1476150.43
1476149.64
1476149.76
1476149.69
1476149.29
1476148.75
1476148.95
1476148.35
1476148.13
1476147.52
1476146.76
1476147.19
1476146.88
1476147.26
1476147.47
1476148.14
1476147.95
1476148.64
1476148.47
1476148.95
1476149.43
1476149.43
1476149.75
1476149.88
1476149.73
1476149.69
1476149.36
1476149.64
1476149.11
1476150.00
1476150.07
1476150.33
1476150.09
1476150.60
1476150.81
1476151.21
1476151.51
1476151.49
1476151.91
1476151.79
1476151.50
1476151.48
1476152.09
1476152.10
1476151.96
1476151.38
1476151.47
1476151.18
1476151.52
1476151.59
1476151.90
1476152.04
1476152.06
1476151.87
1476151.89
1476152.18
1476152.28
1476151.82
1476151.27
1476151.46
1476151.56
1476150.96
1476150.82
1476150.79
1476150.80
1476151.14
1476150.90
1476150.82
1476150.66
1476150.51
1476150.90
1476151.45
1476150.56
1476150.27
1476150.35
1476149.85
1476150.14
1476150.49
1476150.76
1476150.18
1476150.38
1476150.41
1476150.10
1476150.30
1476150.60
1476150.43
1476151.33
1476151.01
1476151.25
1476151.64
1476151.34
1476151.84
1476151.74
1476152.08
1476152.22
1476152.29
1476152.49
1476152.91
1476152.90
1476152.69
1476152.91
1476153.39
1476153.42
1476153.31
1476153.99
1476154.05
1476154.30
1476154.33
1476153.91
1476153.38
1476153.87
1476154.35
1476153.65
1476153.69
1476153.92
1476153.92
1476153.52
1476153.37
1476153.38
1476153.45
1476153.51
1476153.46
1476154.06
1476153.94
1476154.14
1476154.05
1476154.20
1476154.45
1476154.66
1476154.74
1476155.12
1476155.49
1476156.02
1476156.75
1476156.35
1476156.14
1476155.65
1476155.40
1476156.18
1476156.05
1476157.06
1476157.12
1476156.52
1476156.89
1476156.63
1476156.98
1476156.82
1476156.56
1476156.89
1476156.04
1476156.15
1476157.01
1476157.08
1476157.40
1476158.22
1476156.84
1476157.55
1476157.51
1476156.73
1476156.60
1476156.56
1476156.48
1476156.41
1476156.46
1476156.57
1476156.54
1476157.12
1476156.91
1476157.55
1476157.34
1476157.56
1476158.04
1476158.22
1476158.06
1476158.30
1476158.27
1476158.23
1476157.96
1476158.03
1476158.28
1476157.96
1476157.73
1476157.66
1476157.40
1476156.77
1476156.56
1476156.20
1476155.74
1476155.55
1476155.62
1476155.47
1476155.50
1476155.65
1476155.30
1476155.41
1476155.52
1476156.05
1476156.12
1476156.25
1476156.40
1476155.97
1476155.95
1476155.85
1476156.51
1476157.06
1476157.88
1476157.73
1476158.59
1476158.33
1476157.84
1476158.27
1476158.08
1476157.50
1476157.50
1476157.78
1476157.78
1476158.00
1476158.50
1476158.89
1476158.92
1476158.95
1476158.73
1476158.36
1476158.58
1476158.51
1476158.79
1476159.27
1476159.56
1476159.08
1476158.95
1476158.85
1476158.28
1476158.23
1476158.03
1476158.22
1476157.90
1476157.88
1476157.61
1476157.92
1476157.95
1476158.15
1476158.12
1476157.67
1476158.11
1476158.33
1476158.85
1476158.63
1476158.32
1476158.39
1476158.55
1476158.00
1476158.66
1476158.50
1476158.23
1476158.31
1476158.96
1476159.53
1476160.14
1476160.18
1476160.08
1476160.49
1476161.00
1476160.80
1476160.52
1476160.66
1476160.91
1476161.13
1476162.11
1476162.49
1476161.99
1476162.04
1476162.20
1476161.82
1476161.29
1476161.42
1476161.14
1476161.88
1476162.09
1476162.20
1476162.02
1476161.51
1476161.68
1476161.86
1476162.24
1476162.56
1476162.42
1476162.42
1476162.40
1476162.22
1476162.52
1476162.84
1476163.25
1476163.32
1476163.69
1476163.60
1476163.74
1476163.90
1476164.42
1476164.86
1476165.33
1476165.31
1476165.43
1476165.78
1476165.94
1476165.58
1476165.50
1476165.63
1476165.11
1476165.56
1476165.11
1476164.90
1476164.82
1476164.73
1476164.84
1476164.94
1476165.26
1476165.10
1476165.35
1476165.32
1476165.04
1476165.00
1476165.01
1476165.29
1476164.46
1476164.62
1476165.04
1476165.11
1476165.79
1476166.04
1476166.50
1476166.85
1476166.44
1476166.94
1476166.77
1476166.48
1476166.98
1476166.30
1476165.87
1476166.36
1476166.29
1476166.64
1476167.23
1476166.81
1476166.98
1476166.45
1476165.90
1476166.34
1476166.21
1476165.93
1476165.42
1476165.34
1476165.54
1476165.06
1476165.07
1476164.60
1476164.58
1476164.31
1476164.62
1476164.69
1476164.63
1476164.79
1476164.96
1476165.29
1476164.96
1476164.83
1476164.90
1476165.10
1476164.91
1476165.29
1476165.20
1476164.96
1476164.72
1476164.48
1476164.00
1476163.93
1476163.83
1476164.11
1476164.31
1476163.91
1476164.76
1476164.10
1476163.98
1476164.07
1476164.35
1476164.79
1476165.47
1476165.40
1476165.47
1476164.99
1476165.30
1476164.85
1476165.09
1476165.25
1476165.88
1476166.00
1476165.60
1476165.94
1476166.22
1476166.33
1476166.00
1476165.97
1476165.65
1476166.29
1476166.68
1476166.14
1476166.35
1476165.88
1476166.54
1476166.33
1476166.74
1476166.07
1476166.31
1476166.24
1476166.19
1476166.02
1476166.05
1476165.39
1476165.17
1476165.04
1476164.23
1476164.19
1476164.37
1476164.13
1476164.44
1476164.01
1476163.71
1476163.56
1476163.76
1476164.03
1476163.96
1476163.99
1476164.16
1476164.39
1476164.78
1476164.49
1476164.85
1476164.71
1476164.71
1476164.20
1476164.22
1476164.05
1476163.78
1476164.08
1476164.65
1476164.61
1476164.55
1476164.59
1476164.61
1476164.74
1476165.14
1476165.13
1476165.34
1476165.64
1476165.93
1476165.63
1476165.61
1476165.80
1476165.98
1476166.03
1476166.28
1476166.53
1476166.88
1476166.52
1476167.16
1476167.68
1476167.21
1476166.64
1476167.24
1476167.27
1476167.83
1476168.13
1476168.30
1476168.05
1476168.20
1476168.29
1476167.59
1476167.32
1476167.04
1476166.97
1476167.00
1476166.68
1476167.03
1476166.63
1476166.00
1476166.09
1476166.44
1476166.85
1476167.01
1476167.57
1476167.63
1476167.92
1476168.20
1476168.20
1476168.08
1476168.46
1476168.27
1476168.48
1476167.93
1476168.31
1476168.47
1476168.40
1476168.42
1476168.87
1476168.55
1476168.71
1476168.61
1476168.65
1476168.87
1476168.71
1476168.68
1476169.11
1476169.10
1476168.94
1476168.75
1476168.76
1476168.85
1476169.10
1476169.19
1476169.89
1476170.47
1476170.10
1476169.92
1476169.76
1476169.88
1476170.04
1476169.88
1476170.03
1476169.79
1476169.56
1476170.30
1476170.22
1476170.65
1476171.12
1476171.12
1476170.80
1476171.67
1476172.30
1476172.29
1476172.10
1476171.20
1476171.50
1476171.85
1476171.63
1476171.41
1476171.16
1476171.62
1476171.70
1476171.51
1476171.86
1476171.53
1476171.47
1476171.07
1476170.95
1476170.48
1476170.53
1476170.06
1476169.97
1476170.18
1476170.13
1476170.05
1476170.17
1476170.00
1476169.79
1476170.17
1476170.22
1476170.45
1476170.91
1476170.95
1476170.54
1476170.27
1476170.59
1476170.53
1476170.38
1476170.45
1476170.52
1476170.46
1476170.33
1476170.33
1476170.09
1476170.35
1476170.75
1476171.08
1476171.16
1476171.64
1476172.02
1476172.45
1476172.02
1476172.25
1476171.86
1476171.51
1476171.80
1476172.12
1476172.19
1476172.00
1476172.28
1476171.87
1476171.99
1476172.20
1476172.60
1476172.67
1476172.99
1476172.50
1476172.65
1476172.63
1476172.56
1476172.23
1476172.00
1476171.98
1476171.93
1476172.15
1476172.25
1476173.00
1476173.43
1476173.29
1476173.30
1476173.43
1476173.47
1476173.61
1476173.95
1476174.04
1476174.23
1476174.58
1476174.59
1476174.23
1476174.06
1476174.44
1476174.95
1476175.05
1476175.07
1476175.07
1476174.55
1476175.04
1476174.89
1476175.25
1476175.12
1476175.01
1476175.07
1476174.28
1476173.74
1476173.63
1476173.68
1476174.24
1476174.38
1476174.56
1476174.43
1476173.95
1476173.97
1476174.34
1476174.40
1476174.55
1476174.41
1476174.86
1476175.24
1476175.66
1476175.45
1476174.98
1476175.13
1476175.80
1476176.04
1476176.50
1476176.32
1476176.48
1476176.22
1476176.59
1476176.35
1476176.08
1476175.98
1476176.03
1476176.01
1476175.77
1476176.18
1476176.11
1476175.96
1476175.36
1476174.58
1476174.57
1476174.42
1476174.12
1476174.71
1476174.92
1476174.56
1476174.40
1476174.56
1476174.66
1476174.81
1476174.70
1476174.83
1476175.17
1476175.11
1476175.04
1476175.09
1476174.74
1476174.78
1476174.51
1476174.15
1476174.06
1476173.93
1476174.54
1476174.59
1476174.68
1476174.49
1476174.06
1476174.17
1476174.25
1476174.13
1476173.84
1476173.74
1476173.24
1476173.16
1476173.14
1476173.14
1476173.17
1476172.81
1476172.88
1476172.97
1476173.19
1476173.55
1476173.99
1476173.99
1476173.75
1476173.50
1476173.30
1476173.22
1476173.30
1476172.81
1476173.01
1476172.74
1476173.00
1476173.10
1476173.48
1476174.00
1476173.67
1476173.94
1476173.87
1476174.12
1476174.08
1476174.37
1476174.00
1476174.05
1476174.05
1476173.97
1476173.62
1476173.76
1476173.78
1476173.36
1476173.51
1476173.90
1476174.64
1476174.60
1476175.22
1476175.76
1476175.84
1476175.93
1476175.98
1476175.62
1476175.77
1476175.86
1476175.42
1476175.16
1476175.02
1476175.37
1476175.25
1476175.03
1476175.64
1476175.85
1476175.93
1476175.59
1476175.21
1476175.06
1476175.16
1476175.60
1476175.57
1476175.46
1476175.81
1476176.01
1476176.34
1476175.93
1476175.81
1476175.12
1476175.30
1476175.86
1476175.86
1476175.92
1476176.50
1476176.47
1476176.56
1476176.83
1476177.00
1476177.02
1476177.22
1476177.59
1476177.26
1476177.03
1476176.85
1476176.81
1476176.65
1476176.30
1476176.64
1476176.46
1476176.74
1476176.42
1476176.30
1476176.69
1476176.53
1476177.46
1476177.38
1476177.24
1476177.26
1476177.15
1476176.76
1476176.52
1476176.81
1476176.52
1476176.46
1476176.60
1476176.30
1476175.95
1476175.57
1476175.08
1476175.41
1476175.27
1476175.18
1476175.10
1476174.49
1476174.49
1476174.12
1476174.09
1476174.39
1476174.26
1476174.37
1476174.24
1476174.58
1476174.73
1476174.54
1476174.57
1476174.07
1476174.17
1476174.21
1476174.62
1476174.91
1476175.47
1476175.12
1476174.84
1476175.26
1476175.15
1476175.32
1476175.20
1476175.11
1476174.68
1476174.89
1476174.43
1476174.42
1476173.50
1476173.36
1476173.51
1476173.64
1476173.34
1476173.92
1476174.77
1476174.58
1476174.76
1476174.01
1476173.53
1476173.37
1476173.05
1476173.40
1476173.60
1476173.02
1476172.90
1476173.67
1476173.26
1476173.42
1476172.85
1476172.69
1476173.07
1476173.33
1476173.86
1476174.14
1476174.35
1476174.34
1476174.08
1476174.42
1476174.47
1476174.59
1476174.39
1476174.19
1476173.78
1476173.92
1476174.08
1476173.79
1476173.86
1476173.87
1476173.92
1476174.24
1476174.30
1476174.10
1476174.38
1476174.30
1476173.90
1476174.15
1476174.18
1476174.36
1476174.49
1476174.56
1476174.89
1476174.37
1476174.59
1476174.28
1476174.52
1476174.57
1476174.48
1476174.66
1476175.05
1476175.32
1476175.41
1476175.35
1476175.69
1476176.18
1476175.89
1476176.77
1476177.21
1476177.24
1476177.24
1476176.99
1476177.31
1476176.97
1476176.76
1476176.73
1476177.21
1476177.23
1476177.00
1476176.85
1476176.43
1476176.50
1476176.37
1476176.32
1476176.28
1476175.83
1476175.55
1476175.14
1476175.63
1476175.46
1476175.20
1476175.18
1476175.30
1476175.20
1476175.34
1476175.27
1476175.13
1476175.51
1476175.48
1476175.16
1476175.39
1476175.45
1476175.56
1476175.37
1476175.70
1476175.55
1476176.28
1476176.46
1476176.24
1476175.83
1476175.44
1476175.24
1476175.30
1476175.56
1476175.77
1476175.78
1476175.26
1476175.38
1476175.47
1476176.20
1476176.78
1476176.41
1476176.70
1476177.12
1476177.66
1476177.81
1476177.78
1476177.89
1476177.88
1476177.78
1476177.39
1476177.57
1476177.94
1476178.59
1476178.39
1476178.26
1476177.98
1476178.17
1476178.25
1476178.35
1476178.51
1476178.59
1476178.46
1476178.67
1476178.44
1476178.45
1476178.43
1476178.45
1476178.51
1476178.08
1476178.33
1476178.40
1476178.26
1476178.20
1476178.04
1476178.02
1476178.42
1476178.03
1476177.90
1476177.88
1476178.22
1476178.53
1476178.66
1476178.38
1476178.27
1476178.44
1476178.80
1476178.69
1476178.58
1476178.20
1476178.02
1476178.17
1476178.28
1476178.38
1476178.04
1476178.33
1476177.84
1476177.97
1476177.97
1476177.62
1476177.14
1476176.95
1476177.13
1476177.19
1476177.18
1476177.12
1476177.14
1476177.36
1476177.51
1476177.44
1476177.32
1476177.20
1476177.14
1476176.98
1476177.21
1476177.04
1476176.56
1476176.68
1476176.94
1476176.67
1476177.06
1476177.31
1476177.49
1476177.65
1476177.64
1476177.37
1476177.41
1476177.40
1476176.81
1476177.06
1476177.25
1476177.08
1476177.13
1476176.83
1476176.94
1476176.94
1476176.55
1476176.45
1476176.94
1476176.59
1476176.53
1476176.56
1476175.73
1476175.93
1476175.96
1476176.05
1476175.62
1476175.43
1476175.40
1476175.07
1476174.80
1476175.34
1476175.55
1476174.95
1476174.76
1476175.03
1476174.97
1476174.58
1476174.43
1476174.57
1476175.06
1476175.33
1476175.49
1476175.41
1476175.62
1476175.75
1476175.70
1476176.32
1476176.67
1476176.46
1476176.52
1476176.33
1476176.00
1476175.31
1476175.38
1476174.81
1476175.13
1476175.09
1476175.30
1476175.34
1476175.57
1476175.39
1476175.47
1476175.77
1476175.69
1476175.75
1476175.63
1476175.69
1476175.57
1476175.90
1476175.73
1476175.62
1476175.66
1476175.51
1476175.51
1476175.16
1476175.35
1476175.19
1476174.80
1476174.99
1476175.19
1476174.99
1476174.74
1476175.30
1476175.28
1476175.27
1476175.37
1476175.48
1476175.16
1476174.38
1476174.59
1476174.48
1476174.09
1476174.34
1476174.28
1476174.44
1476174.17
1476174.57
1476175.28
1476174.56
1476174.64
1476174.72
1476174.37
1476174.22
1476173.81
1476174.06
1476173.97
1476174.09
1476174.01
1476173.95
1476173.58
1476173.80
1476174.04
1476174.02
1476173.99
1476174.11
1476174.19
1476173.70
1476173.63
1476174.08
1476174.19
1476174.11
1476174.23
1476174.39
1476174.25
1476174.25
1476174.07
1476173.86
1476174.14
1476174.25
1476174.05
1476173.26
1476172.93
1476173.21
1476173.20
1476173.92
1476173.75
1476173.69
1476173.43
1476173.33
1476173.62
1476172.98
1476173.27
1476172.92
1476172.86
1476172.98
1476173.17
1476172.86
1476173.01
1476172.87
1476172.78
1476173.21
1476173.44
1476173.19
1476173.25
1476173.13
1476173.33
1476173.50
1476173.55
1476173.61
1476173.77
1476173.12
1476173.48
1476173.23
1476172.88
1476173.27
1476173.13
1476173.29
1476172.68
1476172.64
1476173.04
1476173.07
1476173.27
1476173.44
1476173.13
1476173.40
1476173.07
1476172.96
1476172.32
1476172.29
1476172.39
1476172.65
1476172.12
1476172.27
1476172.42
1476172.28
1476172.70
1476172.35
1476172.56
1476172.24
1476172.57
1476172.46
1476172.72
1476172.66
1476172.56
1476172.59
1476172.23
1476172.33
1476172.41
1476172.26
1476172.22
1476171.86
1476171.75
1476172.04
1476172.04
1476171.90
1476171.46
1476171.40
1476170.99
1476171.11
1476171.17
1476170.97
1476171.01
1476171.15
1476171.29
1476171.97
1476171.81
1476171.46
1476171.50
1476170.70
1476170.65
1476170.64
1476170.89
1476170.83
1476171.15
1476170.61
1476170.36
1476170.14
1476170.03
1476170.02
1476169.66
1476169.97
1476169.63
1476169.44
1476169.76
1476169.87
1476169.66
1476169.60
1476169.07
1476168.88
1476168.38
1476168.18
1476168.55
1476168.40
1476168.53
1476168.31
1476168.46
1476168.46
1476168.07
1476167.97
1476167.68
1476167.78
1476167.36
1476166.93
1476166.85
1476166.62
1476166.42
1476166.66
1476166.55
1476166.59
1476166.46
1476166.38
1476166.14
1476166.33
1476166.38
1476166.35
1476166.56
1476166.77
1476166.65
1476166.29
1476166.46
1476166.26
1476166.70
1476166.03
1476166.31
1476166.29
1476166.54
1476166.40
1476166.24
1476166.38
1476165.99
1476165.89
1476165.66
1476165.49
1476165.67
1476165.43
1476165.70
1476165.57
1476165.62
1476165.77
1476165.71
1476165.58
1476165.12
1476164.97
1476164.88
1476165.55
1476166.11
1476165.93
1476166.02
1476165.79
1476166.07
1476166.51
1476166.55
1476166.70
1476166.36
1476166.12
1476165.92
1476166.10
1476166.24
1476166.00
1476165.65
1476165.58
1476165.64
1476165.34
1476165.33
1476165.09
1476165.28
1476164.87
1476164.97
1476164.96
1476164.78
1476165.23
1476165.14
1476164.87
1476165.01
1476165.09
1476165.14
1476165.19
1476165.21
1476165.68
1476166.02
1476165.83
1476165.72
1476166.01
1476165.84
1476166.05
1476165.70
1476165.81
1476165.50
1476165.44
1476165.56
1476165.77
1476165.88
1476165.97
1476166.20
1476166.21
1476166.18
1476166.23
1476166.56
1476166.53
1476166.78
1476166.96
1476166.73
1476166.50
1476166.54
1476166.74
1476166.42
1476166.42
1476166.33
1476166.27
1476166.34
1476166.38
1476166.21
1476166.21
1476166.30
1476166.46
1476166.22
1476166.28
1476165.88
1476166.53
1476166.90
1476166.16
1476165.76
1476165.59
1476165.87
1476165.64
1476165.48
1476165.67
1476166.03
1476166.10
1476166.32
1476166.18
1476166.72
1476166.59
1476166.45
1476166.70
1476167.00
1476166.97
1476167.06
1476166.94
1476166.88
1476167.02
1476167.03
1476167.14
1476166.84
1476166.69
1476166.66
1476166.59
1476166.66
1476166.70
1476166.39
1476166.30
1476166.08
1476166.32
1476166.18
1476165.91
1476165.71
1476165.84
1476165.65
1476165.64
1476165.46
1476165.26
1476165.51
1476165.10
1476165.05
1476165.15
1476165.14
1476165.32
1476165.98
1476166.25
1476165.95
1476165.97
1476166.25
1476165.93
1476166.13
1476165.76
1476165.82
1476166.03
1476165.79
1476165.67
1476165.66
1476165.81
1476166.08
1476165.97
1476166.21
1476166.26
1476166.40
1476166.43
1476165.98
1476166.06
1476165.91
1476165.81
1476165.92
1476165.81
1476165.58
1476165.25
1476165.44
1476165.73
1476165.70
1476165.65
1476165.52
1476165.63
1476165.82
1476165.73
1476165.82
1476165.69
1476165.61
1476165.20
1476165.22
1476165.14
1476165.27
1476165.31
1476165.12
1476165.07
1476165.30
1476165.38
1476165.23
1476165.35
1476165.45
1476165.54
1476165.30
1476165.31
1476165.43
1476165.39
1476165.50
1476165.57
1476165.29
1476165.24
1476165.26
1476165.43
1476165.33
1476165.29
1476165.28
1476165.57
1476165.60
1476166.07
1476165.77
1476165.95
1476165.97
1476166.14
1476165.96
1476165.87
1476165.94
1476165.99
1476165.92
1476166.02
1476166.05
1476165.78
1476165.66
1476165.58
1476165.40
1476165.51
1476165.70
1476166.16
1476165.80
1476165.78
1476165.76
1476165.61
1476165.32
1476165.25
1476165.14
1476165.12
1476165.12
1476164.92
1476165.24
1476165.22
1476164.91
1476165.20
1476165.19
1476164.88
1476164.85
1476164.78
1476164.92
1476165.07
1476164.97
1476164.58
1476164.34
1476164.43
1476164.87
1476165.08
1476164.63
1476164.90
1476164.87
1476164.97
1476165.11
1476164.78
1476164.88
1476164.78
1476164.82
1476164.98
1476165.33
1476165.22
1476165.17
1476165.49
1476165.29
1476165.07
1476165.30
1476165.16
1476165.07
1476164.77
1476164.56
1476164.92
1476165.00
1476164.70
1476164.84
1476164.83
1476164.83
1476164.69
1476165.18
1476164.91
1476164.19
1476163.91
1476164.56
1476164.19
1476164.54
1476164.27
1476164.17
1476164.35
1476164.40
1476164.63
1476165.01
1476165.36
1476165.07
1476165.35
1476165.45
1476165.62
1476165.77
1476165.74
1476165.87
1476165.51
1476166.03
1476166.18
1476166.29
1476166.40
1476165.96
1476165.97
1476165.77
1476165.57
1476165.32
1476165.44
1476165.44
1476165.33
1476165.17
1476165.07
1476164.95
1476164.67
1476164.45
1476164.46
1476164.83
1476164.63
1476164.18
1476164.57
1476164.76
1476164.66
1476164.77
1476165.03
1476164.84
1476164.62
1476164.73
1476164.90
1476164.95
1476164.65
1476164.44
1476164.51
1476164.48
1476164.25
1476164.64
1476164.32
1476164.63
1476164.96
1476165.20
1476165.29
1476165.33
1476165.02
1476165.40
1476165.26
1476165.21
1476164.83
1476165.32
1476165.44
1476165.42
1476165.74
1476165.40
1476165.14
1476164.94
1476165.04
1476164.82
1476164.81
1476164.48
1476164.39
1476163.99
1476164.20
1476164.31
1476164.21
1476164.23
1476164.52
1476164.46
1476164.74
1476164.97
1476164.44
1476164.44
1476164.40
1476164.82
1476164.72
1476164.90
1476164.67
1476165.14
1476164.86
1476165.16
1476165.08
1476165.07
1476164.86
1476165.10
1476165.21
1476165.24
1476165.38
1476165.32
1476165.40
1476165.30
1476165.20
1476165.21
1476165.26
1476164.96
1476165.28
1476165.23
1476165.45
1476165.22
1476165.14
1476165.19
1476165.22
1476164.87
1476165.00
1476164.84
1476164.69
1476164.74
1476164.59
1476164.40
1476164.85
1476164.81
1476164.96
1476165.10
1476165.22
1476165.30
1476165.29
1476165.72
1476166.13
1476166.15
1476166.07
1476166.30
1476166.04
1476166.03
1476166.07
1476166.02
1476166.06
1476166.28
1476166.31
1476166.28
1476166.32
1476166.44
1476166.55
1476166.70
1476167.13
1476167.31
1476167.27
1476167.20
1476167.16
1476166.74
1476166.93
1476166.68
1476166.37
1476166.59
1476166.86
1476167.18
1476167.19
1476167.40
1476167.69
1476167.91
1476167.82
1476167.54
1476167.49
1476167.16
1476167.04
1476167.12
1476167.17
1476167.52
1476167.52
1476167.29
1476167.28
1476167.29
1476167.02
1476167.11
1476166.95
1476167.41
1476167.58
1476167.47
1476167.75
1476167.81
1476167.63
1476167.78
1476167.98
1476168.28
1476168.21
1476167.71
1476167.75
1476167.59
1476167.63
1476167.83
1476167.74
1476167.90
1476167.52
1476167.70
1476167.80
1476167.64
1476167.47
1476167.65
1476167.69
1476168.00
1476168.16
1476168.03
1476167.87
1476167.65
1476167.48
1476167.50
1476167.54
1476167.68
1476167.66
1476167.67
1476167.46
1476167.59
1476167.40
1476167.52
1476167.39
1476167.31
1476167.36
1476167.54
1476166.95
1476166.84
1476166.51
1476166.53
1476166.27
1476166.33
1476165.97
1476165.53
1476165.60
1476165.25
1476165.62
1476165.65
1476165.68
1476165.57
1476165.41
1476165.32
1476165.20
1476164.90
1476164.75
1476164.30
1476164.46
1476164.43
1476164.81
1476165.06
1476164.84
1476164.86
1476165.09
1476165.19
1476165.23
1476165.39
1476165.49
1476165.80
1476165.70
1476165.17
1476165.16
1476165.39
1476165.12
1476164.72
1476164.59
1476164.62
1476164.63
1476164.79
1476164.96
1476165.05
1476165.07
1476165.00
1476165.30
1476165.34
1476165.68
1476165.69
1476165.59
1476165.53
1476165.92
1476165.90
1476165.90
1476165.64
1476165.42
1476165.50
1476165.19
1476164.80
1476164.64
1476164.91
1476165.18
1476165.45
1476165.77
1476165.71
1476165.50
1476165.50
1476165.20
1476165.64
1476165.66
1476165.89
1476165.96
1476165.79
1476165.74
1476165.79
1476165.78
1476165.99
1476165.92
1476166.10
1476166.04
1476165.88
1476165.68
1476165.57
1476165.56
1476166.07
1476166.01
1476166.25
1476165.62
1476165.28
1476165.22
1476165.09
1476165.15
1476165.23
1476165.18
1476165.28
1476165.04
1476165.07
1476165.19
1476165.19
1476165.38
1476165.45
1476165.70
1476165.87
1476165.76
1476165.65
1476165.94
1476166.06
1476166.10
1476165.84
1476165.67
1476165.47
1476165.21
1476165.43
1476165.38
1476165.48
1476165.39
1476165.18
1476165.09
1476165.29
1476165.32
1476165.73
1476165.86
1476166.16
1476166.63
1476166.90
1476167.17
1476167.15
1476166.97
1476166.84
1476166.92
1476166.73
1476166.75
1476166.60
1476166.84
1476167.09
1476167.09
1476167.04
1476167.01
1476166.55
1476166.44
1476166.28
1476166.39
1476166.59
1476166.71
1476166.46
1476166.22
1476166.03
1476165.88
1476165.74
1476165.75
1476165.78
1476165.65
1476165.81
1476165.89
1476165.81
1476165.89
1476166.02
1476166.10
1476166.08
1476166.22
1476165.88
1476165.95
1476165.93
1476165.67
1476165.49
1476165.57
1476165.45
1476165.08
1476165.39
1476165.38
1476165.77
1476165.81
1476165.93
1476166.14
1476166.13
1476166.08
1476166.17
1476166.18
1476166.05
1476165.88
1476165.71
1476165.91
1476165.88
1476166.12
1476166.26
1476166.51
1476166.70
1476166.56
1476166.76
1476166.77
1476166.88
1476166.67
1476166.71
1476166.89
1476166.88
1476166.94
1476167.20
1476167.31
1476167.13
1476167.22
1476167.03
1476166.79
1476167.03
1476166.92
1476166.68
1476166.62
1476166.84
1476166.77
1476166.50
1476166.11
1476166.00
1476166.19
1476166.48
1476166.53
1476166.44
1476166.80
1476166.37
1476166.20
1476165.92
1476165.91
1476165.85
1476166.03
1476166.20
1476166.01
1476166.00
1476166.04
1476166.05
1476165.86
1476165.78
1476165.66
1476165.62
1476165.25
1476165.43
1476165.40
1476165.51
1476165.57
1476165.65
1476165.93
1476165.64
1476165.77
1476165.93
1476166.13
1476166.02
1476165.81
1476166.06
1476165.67
1476165.62
1476165.53
1476165.81
1476165.75
1476165.93
1476165.81
1476165.61
1476165.64
1476165.51
1476165.56
1476165.44
1476165.68
1476165.99
1476166.31
1476166.56
1476166.59
1476166.72
1476166.51
1476166.77
1476166.39
1476166.21
1476166.19
1476166.84
1476166.74
1476166.48
1476166.48
1476166.19
1476166.27
1476166.25
1476166.09
1476166.09
1476166.08
1476165.81
1476165.65
1476165.77
1476165.82
1476165.73
1476165.80
1476165.91
1476165.93
1476165.55
1476165.21
1476165.19
1476165.03
1476164.92
1476164.72
1476164.63
1476164.47
1476164.64
1476164.89
1476164.97
1476164.79
1476164.77
1476164.73
1476164.93
1476165.09
1476165.61
1476165.66
1476165.29
1476165.40
1476165.27
1476165.40
1476165.35
1476165.37
1476165.66
1476165.75
1476165.91
1476165.97
1476165.82
1476166.14
1476166.58
1476166.69
1476166.54
1476166.45
1476166.22
1476165.75
1476166.06
1476166.06
1476165.96
1476166.17
1476166.50
1476166.59
1476166.65
1476166.75
1476166.57
1476166.60
1476166.80
1476166.50
1476166.32
1476166.15
1476166.21
1476166.04
1476166.47
1476166.46
1476166.35
1476166.47
1476166.15
1476166.18
1476166.47
1476166.09
1476165.94
1476166.29
1476166.34
1476166.55
1476166.78
1476166.97
1476167.18
1476167.24
1476167.08
1476167.14
1476167.29
1476167.18
1476167.16
1476167.14
1476167.15
1476166.84
1476167.10
1476167.19
1476166.89
1476167.07
1476166.85
1476166.91
1476166.96
1476166.73
1476166.88
1476166.97
1476166.89
1476167.03
1476167.07
1476167.16
1476167.51
1476167.44
1476167.31
1476167.49
1476167.44
1476166.97
1476167.02
1476166.80
1476167.06
1476166.68
1476166.37
1476166.41
1476166.52
1476166.17
1476166.23
1476166.34
1476166.34
1476166.47
1476166.33
1476166.51
1476166.59
1476166.75
1476166.72
1476166.86
1476166.98
1476166.92
1476166.99
1476167.15
1476166.98
1476167.03
1476167.17
1476167.60
1476167.77
1476167.64
1476168.05
1476168.07
1476168.38
1476168.59
1476168.38
1476168.16
1476168.26
1476168.29
1476168.29
1476168.13
1476168.11
1476168.18
1476168.05
1476168.25
1476168.67
1476168.78
1476168.91
1476168.48
1476168.72
1476168.43
1476168.24
1476168.52
1476168.24
1476168.04
1476167.94
1476167.98
1476167.73
1476167.89
1476167.82
1476167.85
1476167.80
1476167.62
1476167.81
1476168.12
1476167.84
1476167.70
1476167.75
1476167.49
1476167.50
1476167.89
1476168.12
1476168.31
1476168.27
1476168.60
1476168.42
1476168.49
1476168.35
1476168.39
1476168.54
1476168.52
1476168.87
1476168.88
1476168.95
1476168.83
1476168.92
1476168.78
1476168.43
1476168.34
1476168.36
1476168.50
1476168.66
1476168.83
1476168.58
1476168.56
1476168.42
1476168.50
1476168.42
1476168.15
1476168.20
1476168.45
1476168.27
1476168.45
1476168.18
1476168.48
1476168.37
1476168.74
1476168.73
1476168.77
1476168.62
1476168.64
1476168.79
1476169.47
1476169.52
1476170.04
1476170.12
1476170.07
1476169.68
1476169.53
1476169.90
1476169.57
1476169.64
1476169.67
1476169.98
1476170.12
1476169.82
1476170.09
1476169.92
1476169.94
1476169.86
1476169.51
1476169.56
1476169.59
1476169.73
1476169.60
1476169.82
1476169.46
1476169.78
1476169.84
1476169.88
1476170.13
1476169.78
1476170.01
1476170.09
1476169.99
1476169.60
1476169.59
1476169.37
1476169.44
1476169.58
1476169.09
1476168.90
1476168.54
1476168.67
1476168.40
1476168.41
1476168.51
1476168.69
1476168.73
1476168.76
1476168.64
1476168.51
1476168.88
1476168.63
1476168.79
1476168.93
1476168.92
1476169.01
1476168.79
1476168.70
1476168.89
1476168.74
1476168.89
1476169.07
1476169.19
1476169.31
1476169.12
1476168.81
1476168.53
1476168.61
1476168.55
1476168.71
1476168.55
1476168.99
1476168.80
1476168.94
1476169.20
1476169.00
1476169.10
1476169.03
1476168.99
1476169.01
1476168.78
1476169.13
1476169.27
1476169.10
1476169.25
1476169.33
1476169.48
1476169.33
1476169.16
1476168.80
1476168.73
1476168.47
1476168.60
1476168.50
1476168.63
1476168.73
1476168.44
1476168.21
1476168.39
1476168.43
1476168.77
1476168.63
1476168.80
1476168.95
1476169.01
1476168.69
1476168.53
1476168.53
1476168.35
1476168.22
1476168.30
1476168.14
1476168.33
1476168.24
1476168.34
1476168.72
1476168.77
1476168.60
1476168.60
1476168.26
1476168.34
1476168.31
1476168.04
1476168.30
1476168.52
1476168.71
1476168.84
1476169.16
1476169.37
1476169.47
1476169.25
1476168.94
1476168.99
1476168.81
1476169.02
1476168.99
1476168.85
1476168.74
1476168.46
1476168.59
1476168.62
1476168.66
1476168.62
1476168.55
1476168.42
1476168.50
1476168.28
1476168.36
1476168.26
1476168.11
1476168.41
1476168.52
1476168.51
1476168.55
1476168.70
1476168.89
1476168.54
1476168.78
1476168.71
1476168.91
1476168.87
1476169.12
1476169.24
1476169.52
1476169.54
1476169.54
1476169.52
1476169.46
1476169.54
1476169.80
1476170.27
1476170.18
1476170.32
1476170.20
1476169.85
1476169.63
1476169.60
1476169.83
1476169.86
1476170.09
1476170.12
1476170.41
1476170.36
1476170.49
1476170.29
1476170.08
1476170.11
1476169.88
1476169.92
1476169.76
1476169.73
1476169.64
1476169.61
1476169.84
1476169.92
1476169.85
1476169.79
1476170.02
1476170.15
1476170.13
1476170.28
1476170.11
1476170.13
1476170.17
1476169.86
1476169.99
1476170.05
1476170.06
1476169.97
1476169.78
1476169.76
1476169.76
1476170.05
1476170.04
1476170.26
1476170.13
1476169.98
1476169.99
1476169.77
1476169.58
1476169.40
1476169.41
1476169.61
1476169.62
1476169.97
1476170.17
1476170.41
1476170.60
1476170.74
1476170.76
1476170.46
1476170.34
1476170.24
1476169.81
1476169.73
1476170.09
1476170.06
1476170.29
1476170.50
1476170.22
1476169.99
1476170.27
1476170.35
1476170.72
1476170.39
1476170.34
1476170.50
1476169.98
1476170.01
1476170.14
1476170.17
1476170.33
1476170.42
1476170.18
1476169.87
1476170.15
1476170.20
1476170.44
1476170.87
1476170.91
1476171.04
1476171.10
1476171.15
1476170.89
1476170.78
1476170.66
1476170.58
1476170.70
1476170.45
1476170.50
1476170.54
1476170.64
1476170.84
1476170.86
1476170.84
1476170.76
1476170.61
1476170.65
1476170.60
1476170.61
1476170.92
1476170.86
1476171.10
1476170.98
1476170.94
1476170.63
1476170.87
1476170.90
1476170.84
1476170.98
1476171.20
1476171.13
1476170.79
1476170.44
1476170.70
1476170.72
1476170.75
1476170.67
1476170.47
1476170.40
1476170.24
1476170.28
1476170.23
1476170.33
1476170.09
1476169.93
1476169.71
1476169.66
1476169.59
1476169.33
1476169.49
1476169.86
1476169.95
1476170.09
1476170.00
1476170.01
1476170.34
1476170.34
1476170.39
1476170.47
1476170.42
1476170.34
1476170.35
1476170.39
1476170.49
1476170.44
1476170.22
1476170.05
1476170.25
1476170.47
1476170.70
1476170.72
1476170.75
1476171.04
1476170.88
1476170.80
1476170.64
1476170.59
1476170.40
1476170.34
1476170.40
1476170.13
1476169.94
1476169.75
1476169.91
1476169.69
1476169.43
1476169.42
1476169.73
1476169.74
1476169.44
1476169.57
1476169.47
1476169.53
1476169.54
1476169.66
1476169.59
1476169.22
1476169.05
1476169.20
1476169.32
1476169.17
1476168.87
1476168.78
1476168.52
1476168.14
1476167.79
1476167.58
1476167.42
1476167.61
1476167.63
1476167.53
1476167.74
1476167.71
1476167.54
1476167.53
1476167.52
1476167.44
1476167.26
1476167.20
1476167.19
1476167.22
1476167.06
1476167.05
1476167.37
1476167.19
1476167.09
1476167.14
1476167.39
1476167.46
1476167.57
1476167.56
1476167.77
1476167.84
1476167.82
1476167.76
1476168.09
1476168.23
1476168.21
1476167.85
1476168.06
1476168.39
1476168.43
1476168.57
1476168.74
1476168.84
1476168.69
1476168.77
1476168.70
1476168.85
1476168.91
1476168.85
1476169.07
1476169.06
1476169.25
1476169.25
1476169.13
1476169.23
1476169.07
1476169.09
1476169.04
1476168.78
1476168.73
1476168.68
1476168.73
1476168.92
1476168.95
1476168.97
1476169.06
1476169.25
1476169.33
1476169.51
1476169.57
1476169.68
1476169.73
1476169.67
1476169.81
1476169.67
1476169.62
1476169.85
1476169.68
1476169.90
1476170.06
1476170.02
1476169.85
1476169.76
1476169.49
1476169.56
1476169.64
1476169.58
1476169.66
1476169.48
1476169.42
1476169.09
1476168.75
1476168.57
1476168.74
1476168.68
1476168.57
1476168.88
1476168.94
1476169.07
1476168.97
1476168.97
1476168.96
1476168.85
1476168.66
1476168.92
1476168.83
1476169.01
1476168.92
1476168.79
1476168.72
1476168.60
1476168.50
1476168.81
1476168.73
1476168.65
1476168.77
1476168.63
1476168.62
1476168.45
1476168.50
1476168.56
1476168.41
1476168.51
1476168.79
1476168.72
1476168.67
1476168.57
1476168.61
1476168.75
1476168.72
1476168.84
1476168.79
1476168.71
1476168.84
1476168.84
1476168.89
1476169.20
1476169.59
1476169.41
1476169.35
1476169.18
1476168.98
1476168.87
1476168.77
1476168.86
1476169.03
1476169.11
1476168.76
1476168.89
1476168.85
1476168.78
1476169.03
1476168.81
1476169.01
1476168.70
1476168.91
1476169.06
1476169.43
1476169.31
1476169.29
1476169.15
1476168.94
1476169.02
1476169.03
1476169.00
1476169.17
1476169.09
1476169.37
1476169.67
1476169.70
1476169.62
1476169.70
1476169.56
1476169.73
1476169.38
1476169.50
1476169.49
1476169.34
1476169.26
1476169.13
1476169.10
1476168.91
1476168.80
1476168.71
1476168.97
1476168.98
1476168.75
1476168.91
1476168.83
1476168.94
1476169.12
1476169.10
1476169.23
1476169.14
1476169.40
1476169.20
1476169.21
1476169.28
1476169.60
1479165
