5 1.468637 0.263552
10 0.991491 0.174421
15 0.779252 0.141986
20 0.715647 0.130431
25 0.646062 0.120797
30 0.576521 0.102023
35 0.560065 0.092029
40 0.539193 0.087222
45 0.454658 0.087979
50 0.458875 0.075823
55 0.460606 0.080014
60 0.422911 0.077888
65 0.403812 0.071438
70 0.367353 0.062221
75 0.382723 0.063321
80 0.375365 0.061807
85 0.381322 0.067368
90 0.350022 0.057581
95 0.321956 0.056377
100 0.312072 0.052966
105 0.314364 0.055136
110 0.342558 0.062756
115 0.291089 0.054921
120 0.301382 0.053890
125 0.278304 0.046593
130 0.277483 0.045796
135 0.272654 0.045849
140 0.277982 0.047963
145 0.256389 0.047027
150 0.259856 0.045576
155 0.276360 0.048063
160 0.277208 0.047442
165 0.239791 0.045595
170 0.243006 0.042252
175 0.235587 0.040315
180 0.240541 0.039431
185 0.245676 0.042777
190 0.223204 0.036422
195 0.227045 0.040994
200 0.219880 0.039112
205 0.224728 0.040451
210 0.223403 0.039252
215 0.228216 0.042017
220 0.212003 0.038011
225 0.221319 0.035849
230 0.216068 0.039333
235 0.208101 0.037642
240 0.204687 0.035602
245 0.218313 0.034521
250 0.199538 0.033573
255 0.196149 0.035792
260 0.194933 0.037372
265 0.203897 0.037174
270 0.195802 0.033550
275 0.182727 0.033989
280 0.200008 0.031586
285 0.192603 0.031496
290 0.191038 0.032254
295 0.196656 0.033647
300 0.186752 0.033761
