1475240
1474615
1475216
1475608
1475752
1475727
1475780
1475824
1475758
1475872
1475848
1475888
1475819
1475818
1475842
1475822
1475830
1475895
1475991
1476007
1476015
1476047
1476071
1476059
1476082
1476111
1476056
1476070
1476056
1476061
1476042
1476039
1476008
1476010
1476057
1476029
1476051
1476080
1476066
1476079
1476104
1476107
1476110
1476096
1476115
1476123
1476126
1476129
1476129
1476143
1476138
1476179
1476197
1476215
1476214
1476211
1476244
1476240
1476239
1476220
1476236
1476215
1476229
1476256
1476253
1476244
1476240
1476218
1476208
1476225
1476206
1476196
1476177
1476183
1476200
1476211
1476221
1476213
1476212
1476196
1476207
1476194
1476185
1476181
1476170
1476180
1476196
1476179
1476163
1476164
1476155
1476163
1476164
1476161
1476161
1476153
1476154
1476157
1476154
1476148
1476146
1476151
1476152
1476158
1476163
1476162
1476157
1476171
1476166
1476156
1476154
1476145
1476146
1476147
1476141
1476139
1476142
1476145
1476140
1476141
1476142
1476135
1476131
1476128
1476127
1476126
1476122
1476118
1476127
1476124
1476131
1476128
1476122
1476117
1476114
1476108
1476107
1476114
1476109
1476114
1476111
1476106
1476103
1476103
1476105
1476101
1476108
1476115
1476118
1476120
1476130
1476129
1476123
1476123
1476121
1476121
1476122
1476113
1476118
1476113
1476107
1476109
1476108
1476120
1476117
1476112
1476115
1476111
1476118
1476112
1476117
1476121
1476121
1476130
1476136
1476131
1476127
1476126
1476130
1476136
1476142
1476149
1476149
1476140
1476142
1476140
1476144
1476137
1476135
1476135
1476128
1476132
1476134
1476139
1476133
1476137
1476136
1476139
1476143
1476146
1476148
1476148
1476150
1476151
1476150
1476149
1476157
1476148
1476143
1476150
1476150
1476161
1476159
1476157
1476159
1476155
1476154
1476153
1476160
1476153
1476149
1476146
1476148
1476151
1476158
1476157
1476154
1476154
1476151
1476156
1476157
1476159
1476162
1476166
1476163
1476163
1476164
1476162
1476160
1476159
1476158
1476158
1476159
1476158
1476157
1476157
1476163
1476161
1476162
1476160
1476159
1476160
1476161
1476156
1476155
1476151
1476152
1476153
1476156
1476158
1476153
1476147
1476140
1476140
1476137
1476144
1476148
1476147
1476143
1476135
1476136
1476140
1476140
1476141
1476142
1476145
1476144
1476144
1476145
1476141
1476142
1476140
1476136
1476141
1476144
1476138
1476143
1476144
1476145
1476147
1476139
1476143
1476139
1476144
1476145
1476147
1476143
1476135
1476133
1476134
1476135
1476138
1476140
1476144
1476147
1476149
1476151
1476151
1476150
1476148
1476145
1476144
1476142
1476145
1476142
1476140
1476140
1476137
1476137
1476138
1476135
1476137
1476138
1476137
1476143
1476137
1476133
1476133
1476133
1476132
1476131
1476129
1476128
1476131
1476132
1476129
1476129
1476130
1476129
1476128
1476131
1476133
1476131
1476132
1476134
1476134
1476137
1476136
1476131
1476129
1476130
1476129
1476123
1476124
1476123
1476122
1476123
1476122
1476123
1476120
1476117
1476115
1476114
1476113
1476109
1476107
1476110
1476109
1476108
1476108
1476110
1476110
1476106
1476102
1476101
1476101
1476102
1476105
1476107
1476105
1476104
1476106
1476104
1476101
1476096
1476097
1476099
1476097
1476099
1476097
1476100
1476098
1476098
1476094
1476094
1476093
1476092
1476092
1476092
1476093
1476091
1476088
1476089
1476087
1476086
1476085
1476085
1476089
1476090
1476086
1476085
1476087
1476085
1476084
1476084
1476086
1476085
1476085
1476082
1476081
1476081
1476080
1476084
1476083
1476084
1476087
1476088
1476086
1476083
1476080
1476081
1476082
1476084
1476084
1476083
1476085
1476088
1476087
1476085
1476086
1476086
1476086
1476081
1476081
1476081
1476080
1476082
1476081
1476081
1476084
1476083
1476081
1476081
1476079
1476078
1476078
1476079
1476079
1476079
1476080
1476083
1476083
1476083
1476082
1476083
1476081
1476081
1476080
1476079
1476079
1476079
1476080
1476081
1476079
1476077
1476080
1476078
1476076
1476075
1476075
1476075
1476075
1476076
1476074
1476076
1476076
1476075
1476072
1476073
1476074
1476075
1476076
1476076
1476076
1476076
1476077
1476076
1476077
1476077
1476078
1476079
1476078
1476079
1476081
1476083
1476084
1476084
1476082
1476082
1476083
1476084
1476084
1476084
1476081
1476083
1476084
1476082
1476081
1476079
1476078
1476081
1476082
1476081
1476083
1476081
1476082
1476085
1476084
1476086
1476087
1476087
1476086
1476085
1476088
1476088
1476090
1476090
1476092
1476091
1476090
1476090
1476088
1476088
1476088
1476085
1476085
1476083
1476083
1476082
1476081
1476081
1476081
1476079
1476080
1476080
1476080
1476080
1476077
1476076
1476075
1476073
1476073
1476073
1476070
1476071
1476070
1476070
1476071
1476074
1476074
1476073
1476077
1476079
1476078
1476078
1476078
1476078
1476077
1476076
1476076
1476075
1476075
1476073
1476071
1476071
1476071
1476069
1476068
1476067
1476066
1476064
1476064
1476066
1476065
1476065
1476065
1476064
1476062
1476059
1476058
1476058
1476059
1476060
1476060
1476059
1476061
1476059
1476061
1476062
1476061
1476062
1476063
1476062
1476061
1476061
1476058
1476060
1476062
1476061
1476063
1476063
1476062
1476062
1476060
1476061
1476061
1476062
1476062
1476063
1476063
1476062
1476062
1476062
1476061
1476061
1476062
1476062
1476064
1476063
1476064
1476065
1476063
1476062
1476063
1476062
1476062
1476061
1476062
1476061
1476060
1476059
1476058
1476061
1476061
1476061
1476062
1476064
1476062
1476061
1476061
1476062
1476062
1476061
1476061
1476060
1476061
1476061
1476062
1476060
1476059
1476057
1476058
1476057
1476058
1476059
1476060
1476059
1476061
1476059
1476059
1476059
1476059
1476059
1476061
1476061
1476061
1476060
1476062
1476060
1476061
1476061
1476061
1476063
1476064
1476063
1476064
1476063
1476063
1476063
1476064
1476065
1476066
1476065
1476067
1476068
1476068
1476070
1476070
1476072
1476072
1476071
1476070
1476071
1476071
1476071
1476072
1476072
1476071
1476072
1476073
1476073
1476074
1476073
1476073
1476073
1476074
1476072
1476074
1476073
1476072
1476075
1476074
1476075
1476076
1476077
1476077
1476077
1476080
1476080
1476081
1476083
1476084
1476084
1476086
1476086
1476087
1476087
1476086
1476087
1476089
1476088
1476087
1476088
1476087
1476088
1476087
1476087
1476087
1476089
1476089
1476090
1476089
1476089
1476089
1476088
1476087
1476088
1476087
1476089
1476089
1476088
1476089
1476088
1476088
1476089
1476089
1476091
1476092
1476091
1476092
1476090
1476089
1476089
1476088
1476086
1476085
1476086
1476085
1476085
1476087
1476086
1476087
1476086
1476085
1476086
1476085
1476085
1476085
1476085
1476085
1476084
1476084
1476084
1476085
1476085
1476084
1476082
1476082
1476083
1476083
1476085
1476086
1476087
1476086
1476088
1476089
1476089
1476089
1476088
1476088
1476088
1476087
1476089
1476088
1476088
1476088
1476088
1476086
1476085
1476087
1476087
1476087
1476089
1476090
1476090
1476091
1476092
1476092
1476092
1476091
1476093
1476094
1476093
1476093
1476093
1476092
1476093
1476093
1476093
1476094
1476094
1476093
1476092
1476092
1476094
1476094
1476094
1476095
1476094
1476092
1476093
1476094
1476094
1476095
1476093
1476094
1476095
1476095
1476096
1476096
1476095
1476096
1476096
1476097
1476097
1476098
1476097
1476097
1476097
1476096
1476096
1476095
1476095
1476094
1476095
1476095
1476094
1476093
1476094
1476095
1476095
1476096
1476096
1476096
1476095
1476095
1476096
1476094
1476094
1476093
1476094
1476093
1476094
1476094
1476093
1476093
1476094
1476093
1476093
1476093
1476094
1476095
1476094
1476095
1476095
1476095
1476094
1476096
1476097
1476098
1476097
1476096
1476095
1476095
1476093
1476093
1476092
1476094
1476092
1476092
1476092
1476091
1476090
1476090
1476090
1476090
1476088
1476087
1476087
1476087
1476086
1476086
1476088
1476088
1476088
1476087
1476088
1476088
1476088
1476088
1476089
1476090
1476088
1476088
1476087
1476087
1476087
1476086
1476087
1476087
1476088
1476089
1476088
1476089
1476088
1476089
1476090
1476090
1476089
1476090
1476089
1476088
1476086
1476086
1476088
1476088
1476088
1476090
1476089
1476090
1476089
1476089
1476088
1476089
1476090
1476089
1476091
1476091
1476091
1476092
1476092
1476094
1476094
1476093
1476094
1476093
1476093
1476094
1476093
1476093
1476094
1476093
1476094
1476093
1476091
1476092
1476092
1476091
1476091
1476091
1476091
1476093
1476093
1476093
1476092
1476092
1476092
1476090
1476090
1476092
1476092
1476093
1476092
1476093
1476093
1476093
1476095
1476095
1476097
1476099
1476099
1476098
1476097
1476097
1476096
1476096
1476096
1476096
1476096
1476096
1476094
1476093
1476094
1476094
1476093
1476092
1476092
1476093
1476093
1476093
1476092
1476093
1476092
1476093
1476094
1476094
1476095
1476095
1476096
1476096
1476094
1476094
1476094
1476092
1476092
1476093
1476091
1476091
1476091
1476092
1476092
1476091
1476091
1476089
1476089
1476088
1476089
1476090
1476088
1476088
1476087
1476087
1476088
1476089
1476089
1476090
1476088
1476089
1476089
1476090
1476091
1476090
1476089
1476088
1476089
1476089
1476089
1476091
1476090
1476092
1476094
1476094
1476094
1476094
1476095
1476094
1476096
1476096
1476096
1476096
1476097
1476097
1476097
1476097
1476098
1476098
1476099
1476099
1476099
1476099
1476098
1476097
1476097
1476098
1476098
1476098
1476099
1476100
1476099
1476098
1476099
1476097
1476096
1476097
1476098
1476098
1476098
1476098
1476098
1476097
1476096
1476096
1476095
1476096
1476096
1476096
1476096
1476096
1476098
1476099
1476098
1476099
1476100
1476099
1476099
1476100
1476100
1476100
1476100
1476099
1476099
1476101
1476103
1476103
1476102
1476101
1476101
1476101
1476102
1476103
1476103
1476103
1476103
1476102
1476103
1476103
1476104
1476103
1476103
1476103
1476102
1476102
1476103
1476102
1476104
1476104
1476103
1476103
1476104
1476105
1476105
1476106
1476106
1476105
1476105
1476105
1476105
1476105
1476106
1476107
1476107
1476107
1476106
1476107
1476106
1476106
1476106
1476107
1476106
1476106
1476107
1476107
1476108
1476106
1476107
1476107
1476106
1476106
1476107
1476107
1476107
1476105
1476106
1476105
1476106
1476107
1476106
1476104
1476105
1476105
1476106
1476106
1476106
1476106
1476106
1476107
1476107
1476107
1476108
1476108
1476109
1476108
1476108
1476108
1476109
1476109
1476109
1476108
1476109
1476108
1476107
1476107
1476106
1476106
1476106
1476106
1476105
1476104
1476103
1476102
1476100
1476100
1476100
1476100
1476100
1476098
1476099
1476098
1476098
1476098
1476097
1476097
1476097
1476098
1476099
1476099
1476098
1476098
1476099
1476099
1476100
1476099
1476099
1476100
1476101
1476100
1476101
1476101
1476101
1476100
1476101
1476101
1476102
1476102
1476102
1476102
1476103
1476103
1476102
1476101
1476101
1476102
1476102
1476102
1476101
1476102
1476102
1476101
1476101
1476101
1476100
1476100
1476101
1476100
1476099
1476099
1476099
1476099
1476098
1476098
1476098
1476097
1476097
1476097
1476098
1476098
1476098
1476098
1476098
1476098
1476097
1476098
1476098
1476097
1476096
1476096
1476095
1476095
1476095
1476095
1476096
1476095
1476095
1476095
1476095
1476095
1476096
1476097
1476097
1476097
1476097
1476098
1476098
1476099
1476099
1476099
1476099
1476099
1476099
1476099
1476098
1476098
1476098
1476098
1476098
1476098
1476098
1476098
1476098
1476098
1476097
1476098
1476098
1476098
1476098
1476098
1476098
1476097
1476097
1476097
1476096
1476096
1476095
1476096
1476096
1476096
1476097
1476097
1476097
1476098
1476099
1476098
1476098
1476098
1476098
1476098
1476099
1476098
1476098
1476099
1476099
1476098
1476099
1476099
1476099
1476099
1476100
1476101
1476101
1476100
1476100
1476100
1476101
1476101
1476100
1476099
1476099
1476100
1476101
1476101
1476103
1476102
1476102
1476103
1476103
1476103
1476103
1476104
1476105
1476105
1476106
1476106
1476106
1476107
1476108
1476108
1476107
1476107
1476107
1476108
1476108
1476108
1476108
1476109
1476108
1476108
1476108
1476109
1476109
1476108
1476108
1476109
1476109
1476109
1476108
1476109
1476110
1476110
1476110
1476111
1476111
1476111
1476111
1476111
1476111
1476111
1476111
1476111
1476111
1476111
1476112
1476112
1476112
1476111
1476111
1476111
1476111
1476111
1476111
1476111
1476111
1476112
1476111
1476110
1476111
1476111
1476111
1476112
1476112
1476112
1476112
1476111
1476112
1476112
1476110
1476110
1476110
1476111
1476110
1476111
1476111
1476111
1476111
1476111
1476111
1476111
1476111
1476112
1476112
1476111
1476112
1476112
1476113
1476113
1476113
1476113
1476113
1476113
1476113
1476114
1476113
1476112
1476112
1476113
1476114
1476113
1476113
1476114
1476113
1476112
1476113
1476113
1476113
1476113
1476113
1476113
1476113
1476113
1476113
1476114
1476113
1476113
1476113
1476112
1476112
1476112
1476112
1476112
1476112
1476111
1476112
1476111
1476111
1476111
1476111
1476112
1476112
1476112
1476113
1476113
1476112
1476113
1476114
1476114
1476113
1476113
1476113
1476113
1476113
1476113
1476113
1476114
1476114
1476113
1476113
1476112
1476111
1476110
1476110
1476110
1476109
1476109
1476108
1476108
1476108
1476109
1476109
1476110
1476110
1476110
1476110
1476110
1476110
1476111
1476110
1476111
1476112
1476112
1476113
1476112
1476112
1476113
1476112
1476113
1476112
1476113
1476113
1476113
1476112
1476112
1476111
1476111
1476112
1476112
1476112
1476113
1476112
1476113
1476113
1476112
1476113
1476113
1476112
1476112
1476113
1476114
1476114
1476114
1476114
1476114
1476114
1476115
1476114
1476114
1476114
1476115
1476115
1476115
1476114
1476114
1476114
1476114
1476115
1476115
1476115
1476116
1476117
1476117
1476118
1476117
1476117
1476118
1476118
1476117
1476118
1476117
1476117
1476117
1476117
1476118
1476118
1476118
1476118
1476118
1476118
1476118
1476118
1476117
1476116
1476117
1476117
1476117
1476116
1476115
1476116
1476116
1476116
1476116
1476116
1476116
1476116
1476117
1476116
1476117
1476116
1476116
1476115
1476115
1476116
1476115
1476116
1476115
1476115
1476116
1476117
1476117
1476118
1476118
1476118
1476118
1476118
1476118
1476117
1476117
1476117
1476117
1476117
1476118
1476118
1476118
1476118
1476118
1476118
1476119
1476119
1476119
1476119
1476119
1476120
1476119
1476119
1476120
1476120
1476120
1476120
1476119
1476119
1476118
1476118
1476118
1476118
1476118
1476118
1476118
1476118
1476118
1476118
1476118
1476118
1476119
1476119
1476120
1476120
1476120
1476120
1476119
1476120
1476119
1476118
1476117
1476117
1476118
1476117
1476118
1476118
1476119
1476118
1476118
1476118
1476119
1476119
1476119
1476119
1476119
1476119
1476118
1476118
1476117
1476117
1476117
1476117
1476117
1476117
1476117
1476116
1476116
1476116
1476116
1476117
1476116
1476116
1476117
1476118
1476117
1476117
1476117
1476117
1476117
1476117
1476118
1476118
1476118
1476118
1476118
1476119
1476119
1476119
1476119
1476118
1476118
1476118
1476118
1476117
1476117
1476117
1476118
1476119
1476119
1476118
1476118
1476118
1476118
1476117
1476118
1476117
1476117
1476116
1476116
1476117
1476117
1476117
1476117
1476117
1476117
1476117
1476118
1476117
1476117
1476117
1476115
1476116
1476115
1476116
1476116
1476116
1476115
1476115
1476115
1476115
1476114
1476115
1476116
1476116
1476116
1476115
1476115
1476115
1476115
1476115
1476116
1476116
1476116
1476116
1476116
1476116
1476116
1476116
1476115
1476115
1476116
1476116
1476116
1476115
1476115
1476116
1476115
1476115
1476115
1476114
1476114
1476113
1476113
1476113
1476113
1476113
1476112
1476112
1476112
1476112
1476112
1476112
1476112
1476112
1476112
1476112
1476113
1476113
1476113
1476113
1476113
1476113
1476114
1476114
1476114
1476114
1476115
1476115
1476115
1476115
1476115
1476115
1476115
1476115
1476115
1476115
1476115
1476115
1476115
1476115
1476115
1476115
1476114
1476114
1476114
1476114
1476113
1476113
1476114
1476114
1476114
1476114
1476114
1476114
1476114
1476114
1476114
1476113
1476114
1476113
1476113
1476112
1476112
1476112
1476112
1476112
1476113
1476113
1476113
1476112
1476112
1476112
1476112
1476111
1476111
1476110
1476111
1476110
1476110
1476109
1476110
1476110
1476109
1476109
1476109
1476109
1476108
1476108
1476108
1476108
1476108
1476108
1476107
1476108
1476108
1476107
1476108
1476107
1476107
1476107
1476106
1476106
1476106
1476106
1476106
1476107
1476107
1476107
1476107
1476107
1476106
1476105
1476105
1476105
1476105
1476105
1476105
1476105
1476105
1476105
1476105
1476105
1476105
1476105
1476105
1476105
1476105
1476106
1476106
1476105
1476105
1476105
1476105
1476105
1476106
1476105
1476104
1476105
1476104
1476105
1476106
1476106
1476106
1476107
1476106
1476107
1476107
1476107
1476107
1476107
1476107
1476107
1476106
1476106
1476106
1476105
1476105
1476105
1476105
1476105
1476106
1476107
1476106
1476107
1476107
1476106
1476107
1476107
1476107
1476107
1476107
1476107
1476107
1476107
1476107
1476107
1476106
1476105
1476105
1476105
1476104
1476104
1476104
1476104
1476104
1476104
1476104
1476104
1476104
1476104
1476105
1476104
1476105
1476105
1476105
1476105
1476106
1476106
1476108
1476108
1476109
1476108
1476108
1476108
1476108
1476108
1476108
1476108
1476109
1476109
1476109
1476109
1476109
1476109
1476109
1476108
1476109
1476108
1476108
1476108
1476108
1476108
1476108
1476108
1476108
1476108
1476108
1476108
1476108
1476107
1476107
1476108
1476108
1476109
1476110
1476109
1476109
1476109
1476108
1476109
1476109
1476109
1476109
1476109
1476109
1476109
1476110
1476110
1476110
1476110
1476110
1476110
1476109
1476110
1476110
1476109
1476109
1476109
1476110
1476110
1476110
1476111
1476111
1476111
1476111
1476111
1476111
1476111
1476112
1476112
1476112
1476112
1476112
1476112
1476113
1476113
1476113
1476112
1476113
1476113
1476114
1476113
1476113
1476113
1476113
1476113
1476113
1476113
1476113
1476113
1476112
1476113
1476113
1476113
1476113
1476113
1476113
1476113
1476114
1476113
1476113
1476114
1476114
1476114
1476114
1476115
1476115
1476114
1476114
1476113
1476114
1476114
1476114
1476114
1476114
1476114
1476113
1476113
1476113
1476113
1476113
1476113
1476113
1476112
1476112
1476112
1476112
1476112
1476112
1476112
1476112
1476112
1476112
1476113
1476114
1476114
1476114
1476114
1476113
1476113
1476113
1476112
1476112
1476112
1476112
1476111
1476110
1476110
1476110
1476110
1476110
1476110
1476109
1476109
1476109
1476109
1476108
1476108
1476108
1476108
1476108
1476108
1476107
1476107
1476108
1476108
1476108
1476107
1476107
1476107
1476107
1476108
1476107
1476107
1476107
1476107
1476106
1476106
1476105
1476106
1476106
1476105
1476105
1476104
1476105
1476106
1476106
1476106
1476105
1476105
1476105
1476105
1476105
1476106
1476106
1476105
1476105
1476105
1476104
1476105
1476104
1476104
1476104
1476104
1476104
1476104
1476105
1476105
1476105
1476105
1476105
1476105
1476105
1476106
1476106
1476106
1476107
1476107
1476108
1476107
1476108
1476108
1476108
1476108
1476108
1476108
1476109
1476109
1476110
1476110
1476110
1476110
1476111
1476111
1476111
1476110
1476110
1476110
1476110
1476110
1476110
1476110
1476109
1476110
1476110
1476110
1476110
1476110
1476111
1476111
1476112
1476112
1476112
1476113
1476113
1476113
1476113
1476113
1476113
1476113
1476114
1476114
1476113
1476114
1476114
1476114
1476113
1476113
1476113
1476113
1476113
1476114
1476114
1476114
1476113
1476114
1476114
1476114
1476114
1476114
1476114
1476115
1476115
1476116
1476115
1476115
1476115
1476115
1476115
1476116
1476116
1476116
1476117
1476118
1476118
1476117
1476117
1476117
1476117
1476118
1476117
1476117
1476117
1476118
1476118
1476117
1476117
1476118
1476117
1476117
1476117
1476117
1476117
1476117
1476117
1476117
1476117
1476116
1476116
1476116
1476117
1476117
1476117
1476117
1476117
1476117
1476117
1476117
1476117
1476117
1476117
1476117
1476117
1476117
1476117
1476117
1476117
1476117
1476117
1476117
1476117
1476117
1476118
1476118
1476118
1476118
1476118
1476118
1476118
1476119
1476118
1476119
1476120
1476120
1476120
1476120
1476119
1476119
1476119
1476119
1476119
1476119
1476119
1476119
1476119
1476119
1476119
1476119
1476119
1476119
1476119
1476119
1476118
1476118
1476118
1476118
1476118
1476118
1476118
1476118
1476119
1476118
1476118
1476118
1476118
1476119
1476119
1476118
1476119
1476119
1476118
1476118
1476119
1476119
1476119
1476118
1476119
1476119
1476119
1476119
1476118
1476118
1476118
1476118
1476118
1476118
1476118
1476118
1476117
1476118
1476118
1476117
1476117
1476117
1476117
1476117
1476116
1476116
1476116
1476116
1476116
1476116
1476116
1476116
1476117
1476117
1476117
1476117
1476117
1476117
1476118
1476118
1476118
1476117
1476117
1476118
1476118
1476118
1476118
1476118
1476119
1476119
1476119
1476119
1476119
1476119
1476119
1476119
1476119
1476119
1476119
1476119
1476119
1476119
1476119
1476120
1476120
1476120
1476120
1476120
1476120
1476120
1476120
1476119
1476120
1476120
1476120
1476120
1476120
1476121
1476120
1476120
1476120
1476120
1476121
1476121
1476121
1476121
1476120
1476121
1476120
1476121
1476120
1476120
1476120
1476119
1476119
1476119
1476119
1476120
1476120
1476120
1476119
1476119
1476119
1476118
1476118
1476118
1476118
1476118
1476118
1476118
1476118
1476119
1476118
1476118
1476118
1476118
1476118
1476119
1476119
1476118
1476119
1476119
1476119
1476119
1476119
1476120
1476120
1476119
1476119
1476119
1476119
1476120
1476120
1476120
1476121
1476120
1476122
1476122
1476122
1476122
1476122
1476122
1476122
1476122
1476122
1476122
1476122
1476122
1476123
1476123
1476123
1476123
1476123
1476123
1476123
1476122
1476122
1476123
1476122
1476123
1476123
1476123
1476124
1476124
1476124
1476123
1476123
1476123
1476123
1476124
1476123
1476123
1476124
1476123
1476123
1476123
1476123
1476123
1476123
1476124
1476124
1476124
1476124
1476124
1476123
1476123
1476123
1476123
1476123
1476123
1476124
1476124
1476124
1476123
1476123
1476123
1476123
1476123
1476123
1476123
1476123
1476123
1476122
1476122
1476122
1476122
1476121
1476121
1476121
1476122
1476121
1476122
1476121
1476121
1476121
1476122
1476122
1476122
1476122
1476122
1476121
1476122
1476122
1476121
1476121
1476122
1476121
1476121
1476121
1476121
1476121
1476120
1476121
1476121
1476121
1476121
1476121
1476120
1476121
1476121
1476121
1476121
1476121
1476121
1476121
1476121
1476121
1476122
1476122
1476122
1476121
1476121
1476121
1476122
1476121
1476121
1476121
1476121
1476121
1476121
1476121
1476121
1476120
1476120
1476120
1476120
1476120
1476120
1476120
1476121
1476121
1476120
1476121
1476121
1476121
1476121
1476121
1476121
1476120
1476120
1476121
1476120
1476120
1476120
1476120
1476120
1476120
1476121
1476121
1476121
1476121
1476121
1476121
1476121
1476121
1476121
1476121
1476121
1476122
1476122
1476122
1476121
1476121
1476121
1476121
1476121
1476121
1476121
1476122
1476121
1476121
1476122
1476122
1476122
1476121
1476121
1476121
1476121
1476122
1476121
1476121
1476121
1476121
1476121
1476121
1476121
1476121
1476120
1476120
1476120
1476119
1476119
1476119
1476119
1476119
1476119
1476119
1476120
1476119
1476119
1476119
1476119
1476120
1476120
1476120
1476119
1476119
1476120
1476120
1476120
1476121
1476121
1476121
1476121
1476121
1476121
1476121
1476122
1476122
1476122
1476122
1476122
1476121
1476121
1476121
1476121
1476121
1476121
1476121
1476122
1476121
1476121
1476121
1476120
1476120
1476120
1476120
1476120
1476120
1476120
1476120
1476120
1476120
1476119
1476119
1476120
1476120
1476120
1476120
1476120
1476120
1476120
1476120
1476120
1476120
1476119
1476119
1476119
1476119
1476119
1476119
1476119
1476119
1476120
1476119
1476120
1476120
1476120
1476120
1476120
1476120
1476120
1476120
1476120
1476120
1476120
1476120
1476120
1476120
1476120
1476120
1476120
1476120
1476119
1476119
1476119
1476119
1476119
1476119
1476119
1476120
1476119
1476119
1476120
1476120
1476119
1476119
1476119
1476119
1476119
1476119
1476119
1476119
1476119
1476119
1476119
1476120
1476120
1476120
1476121
1476120
1476120
1476121
1476120
1476121
1476121
1476120
1476120
1476120
1476120
1476120
1476120
1476120
1476120
1476120
1476119
1476120
1476120
1476120
1476120
1476120
1476120
1476120
1476120
1476120
1476120
1476120
1476120
1476120
1476120
1476120
1476120
1476120
1476120
1476120
1476119
1476119
1476120
1476120
1476120
1476119
1476119
1476119
1476120
1476119
1476120
1476119
1476119
1476119
1476119
1476119
1476119
1476119
1476119
1476118
1476118
1476118
1476118
1476118
1476118
1476118
1476117
1476117
1476117
1476118
1476118
1476118
1476118
1476117
1476117
1476117
1476117
1476117
1476117
1476117
1476117
1476117
1476117
1476118
1476117
1476117
1476117
1476117
1476117
1476117
1476117
1476117
1476117
1476117
1476118
1476118
1476118
1476117
1476118
1476118
1476118
1476118
1476119
1476119
1476119
1476118
1476118
1476119
1476119
1476119
1476119
1476119
1476119
1476119
1476119
1476119
1476119
1476119
1476119
1476119
1476119
1476119
1476119
1476119
1476119
1476119
1476120
1476120
1476120
1476120
1476120
1476120
1476120
1476120
1476120
1476120
1476119
1476120
1476120
1476120
1476120
1476120
1476120
1476119
1476119
1476119
1476120
1476119
1476119
1476119
1476120
1476120
1476120
1476120
1476120
1476120
1476119
1476119
1476120
1476120
1476120
1476120
1476121
1476120
1476121
1476121
1476120
1476121
1476121
1476121
1476121
1476121
1476121
1476121
1476121
1476122
1476121
1476121
1476122
1476122
1476122
1476122
1476122
1476122
1476121
1476122
1476122
1476122
1476122
1476122
1476122
1476121
1476122
1476121
1476122
1476122
1476122
1476122
1476122
1476122
1476121
1476121
1476121
1476121
1476122
1476122
1476122
1476122
1476122
1476122
1476122
1476121
1476121
1476121
1476121
1476121
1476121
1476121
1476121
1476121
1476120
1476120
1476121
1476121
1476121
1476121
1476120
1476120
1476120
1476120
1476120
1476121
1476120
1476120
1476120
1476119
1476120
1476119
1476119
1476119
1476120
1476120
1476120
1476120
1476121
1476121
1476121
1476120
1476121
1476121
1476121
1476121
1476121
1476121
1476121
1476121
1476121
1476121
1476122
1476122
1476122
1476122
1476122
1476122
1476121
1476121
1476121
1476121
1476121
1476121
1476121
1476121
1476121
1476121
1476121
1476121
1476121
1476121
1476121
1476121
1476121
1476121
1476121
1476121
1476122
1476122
1476122
1476122
1476122
1476122
1476122
1476123
1476123
1476123
1476123
1476122
1476123
1476123
1476123
1476123
1476123
1476123
1476123
1476123
1476123
1476123
1476123
1476123
1476123
1476123
1476123
1476123
1476122
1476122
1476122
1476122
1476123
1476122
1476122
1476122
1476122
1476122
1476122
1476122
1476123
1476123
1476123
1476123
1476123
1476123
1476122
1476122
1476122
1476122
1476122
1476122
1476122
1476122
1476122
1476122
1476123
1476123
1476123
1476122
1476122
1476122
1476122
1476122
1476122
1476122
1476121
1476122
1476122
1476121
1476121
1476122
1476121
1476121
1476121
1476121
1476121
1476121
1476121
1476122
1476121
1476122
1476122
1476122
1476122
1476122
1476122
1476122
1476122
1476122
1476122
1476122
1476123
1476123
1476123
1476123
1476123
1476123
1476123
1476123
1476123
1476123
1476123
1476123
1476123
1476124
1476123
1476123
1476123
1476123
1476123
1476123
1476124
1476124
1476124
1476123
1476123
1476124
1476124
1476124
1476124
1476124
1476123
1476123
1476124
1476123
1476123
1476124
1476123
1476123
1476123
1476123
1476122
1476122
1476122
1476123
1476123
1476123
1476122
1476122
1476122
1476122
1476122
1476122
1476121
1476122
1476121
1476122
1476122
1476122
1476122
1476122
1476123
1476123
1476123
1476123
1476123
1476123
1476123
1476123
1476123
1476123
1476123
1476123
1476124
1476124
1476124
1476124
1476124
1476124
1476123
1476124
1476123
1476123
1476123
1476123
1476123
1476123
1476123
1476124
1476123
1476124
1476124
1476124
1476124
1476124
1476125
1476124
1476124
1476124
1476124
1476124
1476124
1476123
1476124
1476124
1476123
1476124
1476123
1476123
1476124
1476124
1476125
1476124
1476124
1476124
1476124
1476124
1476123
1476124
1476123
1476123
1476123
1476123
1476122
1476122
1476122
1476122
1476122
1476122
1476122
1476122
1476122
1476122
1476122
1476122
1476122
1476121
1476121
1476121
1476121
1476121
1476121
1476121
1476121
1476121
1476121
1476122
1476122
1476122
1476122
1476122
1476121
1476121
1476122
1476121
1476122
1476122
1476122
1476122
1476122
1476122
1476122
1476122
1476122
1476122
1476122
1476122
1476122
1476122
1476121
1476122
1476122
1476122
1476122
1476122
1476122
1476122
1476122
1476122
1476122
1476122
1476122
1476122
1476122
1476122
1476122
1476122
1476122
1476122
1476122
1476122
1476121
1476121
1476121
1476121
1476121
1476120
1476120
1476120
1476120
1476120
1476120
1476120
1476120
1476119
1476119
1476119
1476120
1476120
1476120
1476120
1476120
1476120
1476120
1476119
1476119
1476120
1476120
1476120
1476119
1476120
1476120
1476119
1476120
1476120
1476120
1476120
1476119
1476119
1476119
1476119
1476120
1476120
1476120
1476119
1476119
1476119
1476119
1476119
1476119
1476119
1476119
1476120
1476120
1476119
1476119
1476119
1476119
1476119
1476119
1476119
1476119
1476119
1476119
1476119
1476119
1476119
1476119
1476119
1476119
1476119
1476119
1476119
1476119
1476119
1476119
1476119
1476119
1476119
1476119
1476119
1476119
1476119
1476119
1476119
1476119
1476119
1476119
1476119
1476119
1476119
1476119
1476119
1476119
1476119
1476119
1476120
1476119
1476118
1476119
1476119
1476118
1476118
1476118
1476118
1476118
1476118
1476118
1476118
1476118
1476118
1476118
1476118
1476118
1476118
1476117
1476117
1476117
1476117
1476117
1476117
1476117
1476117
1476117
1476117
1476117
1476116
1476117
1476117
1476117
1476117
1476117
1476117
1476117
1476117
1476117
1476117
1476117
1476117
1476117
1476117
1476117
1476117
1476117
1476117
1476116
1476116
1476116
1476116
1476116
1476115
1476115
1476116
1476116
1476116
1476116
1476116
1476115
1476116
1476116
1476116
1476116
1476116
1476117
1476117
1476117
1476116
1476116
1476116
1476116
1476116
1476116
1476116
1476116
1476116
1476116
1476116
1476117
1476117
1476117
1476117
1476117
1476116
1476116
1476116
1476116
1476116
1476116
1476116
1476116
1476116
1476116
1476116
1476117
1476117
1476116
1476116
1476116
1476116
1476115
1476115
1476115
1476116
1476116
1476116
1476116
1476116
1476116
1476116
1476116
1476116
1476116
1476116
1476116
1476116
1476116
1476116
1476116
1476116
1476116
1476116
1476116
1476116
1476116
1476116
1476116
1476116
1476116
1476116
1476116
1476116
1476116
1476116
1476116
1476116
1476116
1476116
1476116
1476116
1476116
1476116
1476116
1476116
1476116
1476116
1476116
1476116
1476116
1476116
1476117
1476117
1476117
1476117
1476117
1476117
1476117
1476117
1476117
1476116
1476116
1476116
1476116
1476116
1476116
1476116
1476115
1476115
1476115
1476115
1476114
1476115
1476115
1476115
1476115
1476115
1476115
1476115
1476115
1476115
1476114
1476115
1476115
1476115
1476115
1476115
1476115
1476115
1476115
1476115
1476115
1476115
1476115
1476115
1476115
1476115
1476114
1476114
1476115
1476115
1476115
1476115
1476115
1476115
1476115
1476115
1476115
1476115
1476115
1476115
1476114
1476114
1476114
1476114
1476115
1476114
1476114
1476114
1476115
1476115
1476115
1476115
1476115
1476114
1476114
1476114
1476114
1476114
1476114
1476114
1476114
1476114
1476114
1476114
1476114
1476114
1476115
1476115
1476115
1476114
1476114
1476114
1476114
1476114
1476114
1476114
1476114
1476114
1476113
1476113
1476113
1476113
1476113
1476113
1476113
1476113
1476113
1476113
1476113
1476114
1476113
1476113
1476113
1476113
1476113
1476114
1476114
1476114
1476113
1476113
1476113
1476113
1476113
1476112
1476112
1476112
1476112
1476112
1476112
1476113
1476113
1476113
1476113
1476112
1476113
1476112
1476112
1476112
1476112
1476112
1476112
1476112
1476112
1476112
1476112
1476112
1476113
1476113
1476113
1476113
1476113
1476113
1476113
1476114
1476114
1476114
1476114
1476114
1476114
1476114
1476114
1476114
1476114
1476114
1476114
1476114
1476115
1476115
1476114
1476115
1476115
1476114
1476115
1476115
1476115
1476115
1476115
1476115
1476115
1476115
1476115
1476115
1476115
1476115
1476115
1476115
1476115
1476115
1476115
1476116
1476115
1476115
1476115
1476116
1476115
1476115
1476115
1476116
1476115
1476116
1476116
1476116
1476116
1476116
1476116
1476116
1476116
1476115
1476115
1476116
1476116
1476116
1476116
1476116
1476116
1476116
1476117
1476117
1476117
1476117
1476117
1476116
1476116
1476116
1476117
1476117
1476117
1476117
1476117
1476116
1476116
1476116
1476116
1476116
1476116
1476116
1476116
1476116
1476116
1476116
1476116
1476115
1476116
1476116
1476116
1476116
1476116
1476116
1476116
1476116
1476116
1476116
1476116
1476116
1476116
1476116
1476115
1476115
1476115
1476115
1476115
1476115
1476115
1476115
1476115
1476115
1476115
1476115
1476114
1476114
1476114
1476114
1476114
1476114
1476114
1476115
1476115
1476115
1476115
1476116
1476115
1476115
1476115
1476116
1476116
1476116
1476116
1476116
1476115
1476116
1476115
1476115
1476115
1476115
1476115
1476115
1476115
1476115
1476115
1476115
1476115
1476115
1476115
1476115
1476115
1476115
1476115
1476115
1476115
1476115
1476115
1476115
1476115
1476114
1476115
1476115
1476115
1476115
1476115
1476115
1476115
1476115
1476115
1476115
1476114
1476114
1476114
1476114
1476115
1476115
1476115
1476115
1476115
1476115
1476115
1476115
1476115
1476114
1476114
1476114
1476114
1476114
1476114
1476114
1476114
1476114
1476114
1476114
1476114
1476114
1476114
1476113
1476113
1476113
1476113
1476113
1476113
1476113
1476113
1476113
1476113
1476113
1476113
1476113
1476113
1476113
1476113
1476113
1476113
1476113
1476113
1476113
1476113
1476113
1476113
1476112
1476112
1476113
1476113
1476113
1476114
1476113
1476113
1476113
1476114
1476114
1476114
1476113
1476113
1476113
1476113
1476113
1476113
1476113
1476113
1476114
1476114
1476114
1476113
1476113
1476113
1476113
1476113
1476113
1476113
1476113
1476113
1476113
1476113
1476113
1476114
1476113
1476113
1476113
1476113
1476113
1476113
1476113
1476113
1476113
1476113
1476113
1476113
1476113
1476113
1476113
1476114
1476114
1476113
1476113
1476113
1476113
1476113
1476113
1476113
1476113
1476113
1476113
1476113
1476113
1476113
1476113
1476113
1476113
1476113
1476113
1476113
1476113
1476113
1476113
1476113
1476113
1476113
1476113
1476113
1476113
1476113
1476113
1476113
1476113
1476113
1476113
1476113
1476112
1476112
1476113
1476113
1476113
1476113
1476113
1476113
1476113
1476113
1476113
1476113
1476113
1476113
1476113
1476113
1476113
1476113
1476113
1476113
1476114
1476114
1476114
1476114
1476114
1476114
1476114
1476114
1476114
1476114
1476114
1476114
1476114
1476114
1476114
1476114
1476113
1476113
1476113
1476113
1476113
1476113
1476113
1476114
1476114
1476114
1476114
1476114
1476113
1476113
1476113
1476113
1476113
1476113
1476113
1476113
1476113
1476113
1476113
1476112
1476113
1476113
1476113
1476113
1476113
1476113
1476113
1476113
1476113
1476113
1476113
1476113
1476113
1476113
1476113
1476113
1476114
1476114
1476114
1476114
1476113
1476113
1476114
1476114
1476114
1476114
1476113
1476113
1476113
1476114
1476114
1476114
1476114
1476113
1476113
1476113
1476113
1476113
1476113
1476113
1476113
1476113
1476113
1476113
1476113
1476113
1476113
1476113
1476113
1476113
1476113
1476113
1476113
1476113
1476113
1476113
1476113
1476113
1476113
1476113
1476113
1476113
1476113
1476113
1476113
1476113
1476113
1476113
1476113
1476113
1476113
1476113
1476113
1476113
1476113
1476113
1476113
1476114
1476114
1476114
1476114
1476114
1476114
1476114
1476114
1476114
1476115
1476115
1476115
1476115
1476115
1476115
1476115
1476115
1476115
1476116
1476115
1476116
1476115
1476115
1476115
1476115
1476115
1476115
1476115
1476115
1476115
1476115
1476115
1476115
1476115
1476115
1476115
1476115
1476115
1476115
1476115
1476115
1476115
1476115
1476115
1476114
1476115
1476114
1476114
1476114
1476114
1476114
1476114
1476114
1476114
1476114
1476114
1476114
1476115
1476115
1476115
1476115
1476115
1476115
1476115
1476115
1476115
1476116
1476116
1476116
1476116
1476116
1476116
1476116
1476116
1476116
1476116
1476116
1476116
1476116
1476116
1476116
1476116
1476116
1476116
1476116
1476116
1476116
1476116
1476116
1476116
1476116
1476116
1476116
1476116
1476116
1476116
1476116
1476116
1476116
1476116
1476116
1476116
1476116
1476116
1476116
1476116
1476116
1476117
1476117
1476116
1476116
1476117
1476117
1476116
1476116
1476117
1476117
1476117
1476117
1476117
1476116
1476117
1476117
1476117
1476117
1476117
1476117
1476117
1476117
1476117
1476117
1476117
1476117
1476117
1476117
1476117
1476117
1476117
1476117
1476117
1476117
1476117
1476117
1476117
1476117
1476117
1476117
1476117
1476117
1476117
1476116
1476117
1476117
1476117
1476117
1476117
1476117
1476117
1476118
1476118
1476117
1476117
1476117
1476117
1476117
1476117
1476116
1476117
1476117
1476117
1476117
1476117
1476117
1476117
1476117
1476117
1476117
1476117
1476117
1476117
1476117
1476117
1476117
1476117
1476117
1476117
1476117
1476117
1476117
1476117
1476117
1476117
1476117
1476117
1476117
1476117
1476117
1476117
1476117
1476117
1476118
1476118
1476118
1476118
1476118
1476118
1476118
1476118
1476118
1476118
1476118
1476118
1476118
1476118
1476118
1476117
1476117
1476117
1476117
1476117
1476117
1476117
1476117
1476118
1476118
1476118
1476118
1476118
1476118
1476118
1476118
1476117
1476117
1476118
1476118
1476117
1476117
1476117
1476117
1476117
1476117
1476117
1476117
1476117
1476117
1476117
1476117
1476117
1476117
1476117
1476117
1476117
1476117
1476117
1476117
1476117
1476117
1476117
1476117
1476118
1476118
1476118
1476118
1476118
1476118
1476118
1476118
1476118
1476118
1476118
1476118
1476118
1476118
1476117
1476117
1476118
1476117
1476118
1476118
1476117
1476117
1476118
1476118
1476118
1476118
1476118
1476117
1476118
1476118
1476118
1476118
1476118
1476117
1476117
1476117
1476117
1476117
1476118
1476118
1476118
1476118
1476118
1476118
1476118
1476118
1476118
1476118
1476118
1476118
1476118
1476118
1476117
1476118
1476118
1476118
1476118
1476118
1476118
1476118
1476118
1476118
1476118
1476118
1476118
1476118
1476118
1476118
1476118
1476118
1476118
1476118
1476119
1476119
1476119
1476119
1476119
1476119
1476119
1476119
1476119
1476118
1476119
1476118
1476118
1476118
1476118
1476118
1476118
1476118
1476118
1476118
1476118
1476118
1476118
1476118
1476118
1476118
1476118
1476119
1476118
1476118
1476119
1476118
1476118
1476118
1476118
1476118
1476118
1476118
1476118
1476118
1476118
1476118
1476118
1476118
1476118
1476118
1476118
1476118
1476118
1476118
1476118
1476118
1476118
1476118
1476118
1476118
1476118
1476118
1476118
1476117
1476118
1476118
1476118
1476118
1476118
1476118
1476119
1476118
1476118
1476118
1476118
1476119
1476119
1476119
1476119
1476118
1476119
1476119
1476118
1476118
1476118
1476118
1476118
1476118
1476118
1476118
1476118
1476118
1476117
1476117
1476118
1476117
1476117
1476117
1476117
1476117
1476117
1476117
1476117
1476117
1476117
1476117
1476117
1476117
1476117
1476117
1476117
1476117
1476117
1476117
1476117
1476117
1476117
1476117
1476117
1476117
1476117
1476117
1476117
1476117
1476117
1476117
1476118
1476118
1476118
1476118
1476118
1476118
1476118
1476118
1476118
1476118
1476118
1476118
1476118
1476118
1476118
1476118
1476118
1476118
1476118
1476118
1476118
1476118
1476118
1476118
1476118
1476118
1476118
1476118
1476118
1476117
1476118
1476117
1476117
1476117
1476117
1476117
1476117
1476117
1476117
1476117
1476117
1476117
1476117
1476117
1476117
1476117
1476117
1476117
1476117
1476117
1476117
1476117
1476117
1476117
1476116
1476116
1476117
1476117
1476117
1476117
1476117
1476117
1476117
1476117
1476117
1476117
1476116
1476117
1476117
1476117
1476116
1476116
1476116
1476116
1476116
1476116
1476116
1476116
1476116
1476116
1476116
1476116
1476116
1476116
1476116
1476116
1476116
1476116
1476116
1476116
1476116
1476116
1476116
1476115
1476115
1476115
1476115
1476115
1476115
1476115
1476114
1476114
1476115
1476114
1476114
1476114
1476114
1476114
1476114
1476114
1476114
1476114
1476114
1476114
1476114
1476114
1476114
1476114
1476114
1476114
1476114
1476115
1476114
1476115
1476115
1476115
1476115
1476115
1476115
1476115
1476115
1476115
1476116
1476116
1476116
1476116
1476116
1476116
1476116
1476115
1476116
1476116
1476116
1476116
1476116
1476116
1476116
1476116
1476115
1476116
1476115
1476116
1476116
1476116
1476116
1476115
1476115
1476116
1476116
1476116
1476115
1476115
1476115
1476115
1476116
1476116
1476115
1476115
1476116
1476116
1476116
1476116
1476116
1476116
1476116
1476115
1476116
1476115
1476115
1476115
1476115
1476115
1476115
1476115
1476115
1476115
1476115
1476115
1476115
1476115
1476115
1476115
1476115
1476115
1476115
1476115
1476115
1476115
1476115
1476115
1476115
1476115
1476115
1476115
1476115
1476116
1476116
1476116
1476116
1476115
1476115
1476115
1476115
1476115
1476115
1476115
1476115
1476115
1476115
1476115
1476115
1476115
1476115
1476115
1476115
1476115
1476115
