1476626
1476531
1476550
1476401
1476657
1476582
1476398
1476229
1476386
1476243
1476323
1476321
1476252
1476180
1476148
1476062
1476083
1476017
1476089
1476057
1476057
1476061
1476109
1476193
1476204
1476132
1476088
1476057
1476124
1476178
1476226
1476254
1476212
1476230
1476278
1476290
1476285
1476291
1476272
1476241
1476259
1476276
1476275
1476252
1476246
1476259
1476235
1476200
1476183
1476203
1476235
1476225
1476192
1476183
1476181
1476185
1476202
1476186
1476210
1476203
1476206
1476202
1476198
1476193
1476205
1476203
1476230
1476254
1476251
1476272
1476270
1476272
1476270
1476255
1476259
1476253
1476258
1476252
1476250
1476250
1476245
1476252
1476262
1476274
1476266
1476262
1476281
1476293
1476295
1476299
1476297
1476286
1476273
1476265
1476260
1476265
1476250
1476237
1476239
1476240
1476243
1476244
1476230
1476221
1476238
1476244
1476246
1476246
1476245
1476233
1476233
1476238
1476242
1476240
1476225
1476220
1476216
1476215
1476218
1476219
1476218
1476231
1476235
1476238
1476248
1476245
1476243
1476238
1476241
1476239
1476230
1476220
1476210
1476202
1476189
1476180
1476178
1476181
1476169
1476164
1476167
1476178
1476177
1476173
1476170
1476175
1476175
1476163
1476168
1476172
1476175
1476181
1476179
1476177
1476175
1476170
1476177
1476177
1476183
1476188
1476192
1476192
1476187
1476188
1476183
1476174
1476170
1476180
1476186
1476184
1476188
1476191
1476185
1476180
1476178
1476188
1476184
1476185
1476189
1476187
1476187
1476188
1476184
1476185
1476185
1476183
1476181
1476177
1476170
1476168
1476168
1476166
1476161
1476158
1476156
1476157
1476159
1476161
1476153
1476151
1476154
1476155
1476150
1476148
1476144
1476144
1476140
1476141
1476140
1476134
1476137
1476138
1476136
1476139
1476137
1476140
1476140
1476140
1476145
1476147
1476147
1476152
1476152
1476147
1476145
1476140
1476138
1476136
1476140
1476131
1476129
1476134
1476131
1476135
1476136
1476143
1476139
1476138
1476139
1476140
1476142
1476143
1476140
1476144
1476141
1476145
1476145
1476147
1476146
1476152
1476157
1476156
1476158
1476155
1476154
1476156
1476154
1476157
1476154
1476159
1476157
1476159
1476159
1476154
1476156
1476156
1476153
1476150
1476147
1476148
1476148
1476147
1476150
1476152
1476152
1476151
1476146
1476146
1476148
1476145
1476147
1476143
1476143
1476142
1476140
1476137
1476142
1476140
1476136
1476135
1476137
1476139
1476143
1476140
1476143
1476142
1476146
1476143
1476145
1476142
1476140
1476142
1476140
1476139
1476140
1476144
1476146
1476148
1476151
1476156
1476158
1476155
1476153
1476156
1476155
1476150
1476154
1476154
1476154
1476154
1476154
1476156
1476154
1476153
1476155
1476154
1476153
1476153
1476156
1476154
1476151
1476148
1476152
1476153
1476149
1476145
1476143
1476143
1476143
1476146
1476144
1476144
1476142
1476141
1476139
1476143
1476141
1476142
1476141
1476141
1476141
1476141
1476137
1476134
1476132
1476129
1476126
1476130
1476133
1476129
1476130
1476130
1476132
1476134
1476134
1476133
1476133
1476135
1476137
1476139
1476138
1476137
1476137
1476135
1476137
1476140
1476138
1476139
1476137
1476135
1476133
1476131
1476135
1476131
1476132
1476131
1476128
1476130
1476129
1476131
1476131
1476133
1476132
1476130
1476129
1476128
1476126
1476127
1476131
1476128
1476123
1476120
1476121
1476123
1476120
1476120
1476118
1476120
1476119
1476119
1476118
1476114
1476115
1476118
1476114
1476113
1476115
1476115
1476115
1476119
1476119
1476122
1476124
1476126
1476125
1476122
1476120
1476119
1476121
1476120
1476120
1476118
1476120
1476122
1476121
